18954,219,10968,304.5050409070117,1.0
18954,138,6927,948.9398350446484,1.0
18953,356,17822,1198.2104782962888,1.0
18953,49,2495,624.4817900309374,1.0
18948,39,1972,1464.6774714723829,1.0
18935,323,16158,1396.0990782288868,1.0
18933,105,5274,628.0874336863085,1.0
18929,424,21225,1445.739010979873,1.0
18929,354,17725,472.9363365401562,1.0
18929,200,10007,1255.7031154778515,1.0
18923,642,32126,307.99780055105464,1.0
18923,396,19821,393.08142152986323,1.0
18923,66,3325,1211.5756101423435,1.0
18923,14,717,1458.054186766953,1.0
18922,617,30896,1021.2825213660936,1.0
18922,505,25298,1081.2754133848434,1.0
18922,397,19883,657.1718972211718,1.0
18920,2,133,742.4345286761718,1.0
18918,5,274,486.71165511648434,1.0
18915,337,16866,733.2980389420702,1.0
18911,130,6515,690.0826719684765,1.0
18907,201,10069,2098.7407230652343,1.0
18907,34,1745,609.0483811685937,1.0
18903,303,15168,1411.848479448086,1.0
18900,173,8671,2046.4412665396094,1.0
18862,6,324,1174.7795732146678,1.0
18795,236,11823,880.4073060871874,1.0
18794,105,5273,915.4421824858592,1.0
18790,312,15627,854.9276032912499,1.0
18782,59,2998,1122.9605472918747,1.0
18781,116,5829,1482.8276647818357,1.0
18779,411,20587,976.2143355449804,1.0
18779,411,20577,557.5062536418163,0.7048447197029482
18779,261,13074,734.1051717540623,1.0
18779,18,939,537.2773413819921,1.0
18779,2,130,946.362137351582,1.0
18770,11,588,415.9011646230273,1.0
18768,8,428,343.78439025091797,1.0
18764,7,378,1039.1533412821286,1.0
18764,7,353,1131.1318279980078,1.0
18754,220,11022,807.093031906914,1.0
18754,220,11018,751.6661108317968,1.0
18754,146,7331,1218.3910918847655,1.0
18754,70,3521,1168.643036869375,0.7897333199384065
18754,27,1389,1090.920498692422,1.0
18754,27,1360,805.1088554462988,1.0
18752,375,18762,560.7618529555077,1.0
18752,83,4153,746.6521646180663,1.0
18750,188,9426,650.3728358820116,1.0
18750,188,9403,766.0999888274608,1.0
18748,86,4325,626.3495489501562,1.0
18747,52,2647,489.4489537969531,1.0
18747,1,60,1009.7823928288085,1.0
18740,215,10756,2732.399189078828,1.0
18740,89,4486,1319.9431270804685,1.0
18740,75,3785,904.2003049964256,1.0
18740,67,3375,1106.8630412974217,1.0
18740,42,2133,662.8796210839062,1.0
18733,52,2615,2003.130103090039,1.0
18733,32,1624,798.6994477406054,1.0
18733,11,571,974.1323924524218,1.0
18717,96,4823,350.375066626289,1.0
18709,77,3898,914.9203858957811,1.0
18709,77,3891,1325.264195688711,1.0
18701,280,14006,1384.549393267324,1.0
18701,280,14001,559.0953711849803,1.0
18701,279,13964,1826.6921107924218,1.0
18701,135,6761,1645.0651528072071,1.0
18701,34,1741,904.7470352949999,1.0
18699,267,13396,1156.7898596933787,1.0
18699,267,13380,807.0644350785155,1.0
18699,203,10187,502.3420534051562,1.0
18699,203,10178,1013.0823646124999,1.0
18699,62,3103,362.46711333734373,1.0
18692,21,1071,840.7177551513671,1.0
18690,73,3698,1612.4114789635546,1.0
18685,178,8907,910.4725681902343,1.0
18685,178,8904,282.78788936589837,1.0
18685,106,5309,676.2604072849218,1.0
18678,299,14975,542.7810616758202,1.0
18677,400,20014,1565.8665469040038,1.0
18677,375,18788,528.069960583496,1.0
18676,431,21583,1017.4152283773436,1.0
18676,431,21571,1048.1856724439062,1.0
18676,400,20004,1189.4187622997165,1.0
18676,155,7800,775.7518796322655,1.0
18666,137,6897,1219.577956023359,1.0
18666,58,2942,454.7315922758203,1.0
18666,9,499,542.6709523942967,1.0
18665,466,23350,1623.885694733789,1.0
18665,139,6972,496.2645715975,1.0
18665,104,5217,883.2615115357421,1.0
18665,16,828,2201.651234542539,1.0
18653,134,6702,1209.7908984036326,1.0
18646,442,22120,275.8391021456835,1.0
18646,403,20198,494.0230837692382,1.0
18644,94,4750,725.6251077773436,1.0
18644,94,4712,1081.1892715637887,1.0
18644,44,2230,1426.8129684352343,1.0
18637,131,6585,1204.9095211098047,1.0
18636,453,22682,1008.7604765714061,1.0
18636,319,15974,839.6895401867968,1.0
18636,20,1048,307.8205970641015,1.0
18636,20,1016,956.574215436328,1.0
18634,115,5797,1361.4991351264844,1.0
18631,229,11453,509.1948885373046,1.0
18623,81,4092,1175.8111378979297,1.0
18619,55,2756,1119.1618608083395,1.0
18619,41,2054,755.0307754289452,1.0
18615,118,5912,955.851952445703,1.0
18615,48,2427,809.3156413226561,1.0
18603,274,13705,837.0557813570116,1.0
18603,259,12980,1099.4862838856247,1.0
18603,259,12957,506.2965528396679,1.0
18603,166,8342,732.9158227626757,1.0
18603,93,4672,582.1239906044531,1.0
18603,85,4257,1093.920150242734,1.0
18603,34,1744,881.1429385014452,1.0
18577,232,11647,1430.8498386596093,1.0
18577,161,8098,1173.2310867294923,1.0
18577,161,8096,662.0224497491209,1.0
18574,275,13781,793.1171638170312,1.0
18574,191,9592,1052.9096805448435,1.0
18574,191,9566,586.98704760666,1.0
18574,191,9552,980.4993232772655,1.0
18526,94,4718,1983.348166811289,1.0
18526,72,3602,516.2788429037108,1.0
18516,76,3821,735.7666644576366,1.0
18516,76,3817,809.9819708873827,1.0
18515,137,6872,771.7449372255077,1.0
18497,316,15840,995.5395736468358,1.0
18497,291,14594,1457.0632096774998,1.0
18497,291,14573,574.8646359799412,1.0
18495,206,10350,1523.8807933957032,1.0
18492,505,25295,877.9543941904296,1.0
18492,505,25271,2006.4295232001173,1.0
18492,331,16583,1334.171384480781,1.0
18492,331,16562,1536.6248361632029,1.0
18492,320,16011,1502.622759413281,1.0
18492,240,12025,666.0573012367187,1.0
18492,217,10897,423.2255436701953,1.0
18490,43,2180,908.9998503675195,1.0
18489,171,8568,1363.378118366758,1.0
18482,27,1393,2095.7039135501564,1.0
18481,35,1785,288.4883415977343,1.0
18468,267,13374,823.682019068203,1.0
18286,136,6830,786.6678036428124,1.0
18283,78,3913,1634.6998783750782,1.0
18283,52,2628,1686.7291591184958,1.0
18272,55,2796,1047.3133565278904,1.0
18268,35,1774,1187.804573131621,1.0
18261,24,1219,1016.0929315835546,1.0
18261,24,1217,1830.9290217557032,1.0
18257,32,1626,704.476573760039,1.0
18257,32,1602,1316.8046276028513,1.0
18257,31,1568,859.4366137444335,1.0
18257,28,1442,611.8135751652343,1.0
18253,177,8893,735.9032010271093,1.0
18245,171,8557,372.2107742435742,1.0
18244,213,10682,1064.7944845227735,1.0
18244,200,10019,919.6586422966795,1.0
18242,114,5743,831.3214628287792,1.0
18235,262,13121,623.7828372417187,1.0
18235,83,4153,613.5894494448436,1.0
18235,83,4151,830.1232936305078,1.0
18235,40,2019,1592.0087971740622,1.0
18233,312,15603,446.36225696517573,1.0
18233,128,6412,840.190982852578,1.0
18228,166,8309,572.0863133137499,1.0
18228,85,4286,992.5999755466015,1.0
18228,58,2938,706.8863320447265,1.0
18226,240,12004,1326.1780305236716,1.0
18226,234,11715,330.9494661745312,1.0
18226,102,5124,621.4781627423241,1.0
18226,57,2873,618.4904778306249,1.0
18226,57,2851,1110.7527809438866,1.0
18220,94,4736,1125.401320594492,1.0
18220,15,768,595.9524504446093,1.0
18219,69,3489,706.4907837530077,1.0
18219,35,1759,2065.5737768436716,1.0
18219,18,943,909.6775232590625,1.0
18208,29,1456,483.2855365867187,1.0
18062,195,9777,296.24410072650386,1.0
18062,175,8782,257.87330226246087,1.0
18062,123,6164,732.6348719908202,1.0
18062,61,3085,569.3925846178905,1.0
18057,128,6416,1290.1199603419923,1.0
18054,452,22633,1677.9409798022266,1.0
18054,282,14137,416.61421376333004,1.0
18054,185,9282,1638.1665257059567,1.0
18054,185,9270,2155.794084189609,1.0
18052,63,3163,378.375494038496,1.0
18050,47,2391,371.48042849292966,1.0
18049,117,5874,400.9338556223242,1.0
18048,382,19107,1076.992394366992,1.0
18044,535,26780,943.0640198064061,1.0
18044,535,26754,1669.6685716131346,1.0
18044,214,10713,1313.1273354714453,1.0
18039,51,2600,433.4475941506835,1.0
18039,51,2574,389.3812582863281,1.0
18039,43,2181,1002.0538212326171,1.0
18032,436,21811,474.3079581740039,1.0
18032,403,20167,600.5448482117968,1.0
18032,365,18292,346.26575826441405,1.0
18032,298,14909,494.3595378457812,1.0
18032,258,12916,1361.0697052843943,1.0
18031,192,9607,363.461956425,1.0
18031,181,9098,1218.4215842530857,1.0
18031,73,3696,714.5163107227343,1.0
18031,54,2748,1909.1602747370312,1.0
18031,54,2733,478.6151194157617,1.0
18026,155,7757,1110.305888230283,1.0
18026,123,6178,1129.6258380009763,1.0
18024,525,26266,1149.862331592461,1.0
18024,525,26258,640.4430532903515,1.0
18005,257,12894,1595.2002895249216,1.0
18005,34,1732,815.5323244753905,1.0
18005,24,1223,678.6818322058202,1.0
17992,69,3489,908.5777109266014,1.0
17992,48,2402,803.1122948548436,1.0
17990,411,20553,1492.8094163679298,1.0
17990,390,19527,531.983234131328,1.0
17990,390,19519,643.332195845078,1.0
17990,390,19510,294.57612472732416,1.0
17987,106,5311,930.1551692706249,1.0
17987,93,4678,394.33260816328124,1.0
17985,396,19808,548.6383407797069,1.0
17985,383,19183,924.981953498164,1.0
17985,114,5708,692.2156104324218,1.0
17985,66,3335,853.2099853667968,1.0
17975,234,11738,316.74560403182613,1.0
17975,226,11348,499.2549031749414,1.0
17974,285,14269,1194.600516281113,1.0
17974,250,12535,698.6040835480272,1.0
17972,254,12734,1100.581017105781,1.0
17972,196,9848,1584.4007899759958,1.0
17972,151,7570,1328.7226210690233,1.0
17972,148,7429,775.2223798126952,1.0
17972,140,7027,705.0740012216405,1.0
17972,140,7020,1027.5667824667576,1.0
17963,81,4100,1239.501276466738,1.0
17963,54,2708,341.7185814222265,1.0
17961,39,1993,1244.6421449691406,1.0
17961,39,1976,1304.433565550918,1.0
17961,39,1972,1023.5906407813476,1.0
17961,1,82,2566.8240917915623,1.0
17956,224,11227,1564.756210489375,1.0
17955,246,12344,959.9918205291406,1.0
17874,88,4414,953.0815386812109,1.0
17872,101,5080,303.9641743512304,1.0
17872,62,3132,835.2470103079687,1.0
17871,312,15612,1066.2064615987106,1.0
17871,312,15603,1469.1722032325388,1.0
17871,244,12242,768.3211394139062,1.0
17871,244,12230,673.888326051367,1.0
17866,33,1680,335.7531926434179,1.0
17865,375,18794,884.9849811414452,1.0
17865,375,18777,1574.2983229865235,1.0
17865,318,15948,1008.6307571787108,1.0
17865,318,15919,1545.9318586347654,1.0
17865,292,14620,654.2644739874999,1.0
17861,335,16791,1193.3932619602342,1.0
17861,300,15003,733.868095634375,1.0
17861,173,8697,816.1358924656249,1.0
17858,198,9944,412.92151480179683,1.0
17858,114,5736,676.7174473156053,1.0
17851,266,13312,1666.0297583737497,1.0
17849,251,12559,651.1071897585936,1.0
17849,184,9248,1041.650053785625,1.0
17849,184,9239,1150.2874450383592,1.0
17849,162,8103,1139.3783704559569,1.0
17849,151,7590,1246.1481737477538,1.0
17847,317,15863,344.3195452075976,1.0
17847,314,15742,341.6155590942968,1.0
17847,249,12466,699.0419225883593,1.0
17847,249,12457,387.7773105520898,1.0
17847,167,8369,768.3073211186718,1.0
17847,101,5077,714.5221383797656,1.0
17846,91,4594,321.3348367706836,1.0
17846,34,1704,1226.7024881397656,1.0
17846,24,1231,644.560215648867,1.0
17840,147,7374,1115.158091171484,1.0
17840,39,1997,934.2563388337206,1.0
17840,39,1957,1245.7514150266406,1.0
17835,104,5228,1762.0296154924217,1.2966672256826324
17830,41,2095,843.1484778089061,1.0
17830,41,2055,770.4702759021093,1.0
17830,11,594,1782.5021189753516,1.0
17829,245,12256,1039.904411204453,1.0
17824,26,1322,411.80077381912105,1.0
17789,23,1163,1155.916487527285,1.0
17789,6,340,798.9492858329882,1.0
17783,79,3996,1187.2572413498046,1.0
17771,26,1329,645.6227866748437,1.0
17756,18,950,610.6815985247264,1.0
17753,214,10714,659.8137960357811,1.0
17744,75,3771,417.30036407937496,1.0
17744,72,3607,1327.953442176914,1.0
17727,0,24,435.2505146680859,1.0
17719,79,3990,904.4897958351952,1.0
17719,78,3950,1590.496125708125,1.0
17703,30,1532,320.8752239530859,1.0
17700,75,3769,927.6663004143359,1.0
17700,36,1811,1011.6823223196483,1.0
17700,32,1638,459.1384403541406,1.0
17700,19,972,1251.4733874142285,1.0
17700,1,56,349.95887142468746,1.0
17694,31,1599,941.461519586328,1.0
17693,357,17882,605.9169255118358,1.0
17693,111,5588,403.3228454443945,1.0
17692,108,5435,1916.6932814276365,1.0
17692,14,711,1214.214867756406,1.0
17686,338,16906,578.0900880089843,1.0
17686,270,13523,993.209086200078,1.0
17686,157,7883,1256.0415374768945,1.0
17686,24,1248,813.6014411961718,1.0
17684,84,4208,1467.9118904030856,1.0
17678,22,1107,224.94441516820305,1.0
17670,47,2354,1140.5288192638282,1.0
17669,89,4494,1449.1465262053125,1.0
17667,211,10580,732.7683660823436,1.0
17667,120,6031,960.5297324061718,1.0
17666,64,3245,1226.8713057708983,1.0
17665,37,1892,880.2627794291406,1.0
17665,7,375,342.21672408001945,1.0
17662,97,4893,1547.3870267928123,1.0
17662,88,4409,762.595315495078,1.0
17662,58,2922,194.16305468985345,1.0
17655,219,10970,723.8758157958592,1.0
17655,219,10955,1307.6647530490427,1.0
17655,95,4794,1145.4318882491793,1.0
17655,95,4779,933.3160798358202,1.0
17655,92,4636,861.8163515148827,1.0
17655,81,4098,669.7849353283983,1.0
17655,8,424,384.74664425679686,1.0
17653,49,2483,353.995589106621,1.0
17653,32,1638,624.6773159005468,1.0
17652,58,2903,736.4831524508984,1.0
17652,32,1626,651.5175322121092,1.0
17652,32,1610,837.4430648438671,1.0
17644,27,1361,1037.3401978825777,1.0
17644,27,1359,352.4850094870898,1.0
17641,14,743,1032.4256176556637,1.0
17637,27,1359,1025.4770203141406,1.0
17633,28,1434,791.7692369040234,1.0
17631,87,4398,903.1742270072265,1.0
17631,69,3482,613.813580594746,1.0
17631,69,3476,747.02900903083,1.0
17631,57,2899,1441.569633070625,1.0
17631,9,485,908.4055908983593,1.0
17620,106,5320,1762.9105461919726,1.0
17620,34,1740,468.2612557103515,1.0
17620,34,1721,336.5583886729687,1.0
17620,10,512,1430.2792106317966,1.0
17592,209,10470,534.0102849056151,1.0
17592,202,10126,389.8753726295312,1.0
17592,167,8370,435.6260752316406,1.0
17584,53,2659,489.3712565780468,1.0
17582,18,930,1323.6671738506247,1.0
17575,51,2576,979.7717247217187,1.0
17572,28,1442,949.1174585518554,1.0
17572,28,1416,681.4513587921093,1.0
17572,17,883,333.87369495955073,1.0
17572,17,881,421.87975880169915,1.0
17569,38,1924,1022.0538018142772,1.0
17569,37,1868,894.2405325086718,1.0
17569,32,1617,730.5199797229686,1.0
17566,195,9752,803.8652257730859,1.0
17566,132,6635,397.73033687187495,1.0
17566,118,5941,653.8695487619921,1.0
17566,110,5508,1126.0419158846094,1.0
17566,69,3465,1636.1855644253515,1.0
17566,33,1683,1397.514893193359,1.0
17566,25,1277,860.1972998974413,1.0
17561,197,9887,906.0119982874609,1.0
17561,194,9717,381.6638510473437,1.0
17561,49,2499,1482.4548871574607,1.0
17560,166,8339,883.6613590083202,1.0
17559,82,4134,1063.9303052468454,1.0
17559,82,4122,1144.3042283050977,1.0
17557,168,8410,1190.6015062783981,1.0
17557,165,8256,1209.935984815078,1.0
17557,13,655,2012.7152610911912,1.0
17556,139,6977,1321.045126392578,1.0
17552,178,8923,847.7507728336327,1.0
17543,11,560,602.9063755089647,1.0
17541,36,1825,930.1342763529686,1.0
17535,100,5016,716.3354674278124,1.0
17532,13,666,914.5093453520311,1.0
17524,164,8247,362.4287214420703,1.0
17524,82,4130,692.6693097398437,1.0
17524,32,1641,525.5568629660937,1.0
17522,119,5989,595.5910838529686,1.0
17522,13,657,611.1327046891405,1.0
17503,109,5479,511.81086233294917,1.0
17499,6,350,1480.1567450505859,1.0
17495,50,2504,756.74033854625,1.0
17495,18,904,1415.7737518463673,1.0
17494,78,3930,1278.3898700262303,1.0
17489,204,10250,454.695030008789,1.0
17489,204,10228,460.6428983600195,1.0
17488,298,14923,665.6315242966406,1.0
17488,130,6514,1350.7734711203516,1.0
17488,116,5833,642.4682074592187,1.0
17488,73,3682,745.4278143328514,1.0
17484,262,13110,895.1801031656249,1.0
17484,175,8758,557.3266452909373,1.0
17484,161,8096,757.4456722229686,1.0
17482,63,3173,894.0040596461718,1.0
17471,57,2880,675.4724619166014,1.0
17471,16,805,400.0962667675976,1.0
17468,11,578,322.3040873364843,1.0
17468,11,577,1183.7727895083203,1.0
17468,9,500,877.580705284414,1.0
17459,213,10671,1116.5026442809371,1.0
17459,213,10656,1360.6685577695312,1.0
17459,171,8565,1059.8774821666407,1.0
17457,165,8290,1062.7263385545702,1.0
17457,165,8271,1374.4545563538281,1.0
17457,118,5946,425.30286734888665,1.0
17457,83,4180,1704.7802199278126,1.0
17457,11,552,1080.4218023503904,1.0
17429,15,769,450.9684493798632,1.0
17429,10,530,593.915701485742,1.0
17415,107,5378,819.5527516180858,1.0
17413,359,17989,764.9882067917578,1.0
17413,359,17962,1137.2821283180078,1.0
17413,262,13131,829.568072868867,1.0
17413,68,3419,346.62040610722653,1.0
17410,28,1423,878.6544106052734,1.0
17410,18,930,821.0023616053905,1.0
17410,4,243,610.1938351318163,1.0
17409,4,236,1406.0706853314064,1.0
17407,174,8702,1117.6313117461327,1.0
17407,88,4432,1397.7489820510937,1.0
17407,37,1870,989.5842344140624,1.0
17407,0,17,488.03120216966795,1.0
17406,53,2692,830.5407353996484,1.0
17401,41,2099,710.0190507855467,1.0
17401,41,2094,1201.777776755156,1.0
17400,130,6514,303.29499013955075,1.0
17400,121,6095,1228.2674823195116,1.0
17400,9,474,951.9243711290624,1.0
17400,2,118,894.8326758268554,1.0
17398,197,9898,1291.461775401875,1.0
17398,155,7767,367.7373446545117,1.0
17398,155,7755,1580.642469116035,1.0
17398,57,2869,519.9901656707422,1.0
17398,8,420,781.8503019942186,1.0
17389,111,5589,379.5398650459179,1.0
17389,100,5010,404.35134454626944,1.0
17389,100,5005,521.5210253580077,1.0
17389,26,1323,1144.8026331347264,1.0
17387,20,1049,792.548227053203,1.0
17383,472,23638,884.8384646924022,1.0
17383,127,6351,950.7376259050585,1.0
17380,50,2507,1909.1900811535352,1.0
17380,46,2301,1221.047305498672,1.0
17373,192,9640,716.8691653761717,1.0
17371,565,28286,1285.7877056380075,1.0
17371,513,25663,1270.8825280349997,1.0
17371,427,21383,1562.98921451457,1.0
17371,233,11693,662.5465372982811,1.0
17371,188,9429,778.7151192659179,1.0
17371,137,6856,327.44624452223627,1.0
17371,110,5508,846.6567689489061,1.0
17370,50,2510,880.3571439298339,1.0
17370,50,2505,557.8806850436328,1.0
17365,130,6507,814.7617638863866,1.0
17365,82,4116,728.5970161360937,1.0
17365,82,4111,1528.7915993840625,1.0
17358,48,2437,928.7801342735253,1.0
17358,44,2220,754.7589130060936,1.0
17351,23,1194,591.3330838486132,1.0
17349,96,4839,778.3473067168944,1.0
17349,95,4799,824.8246632810155,1.0
17343,55,2766,1500.4510985883885,1.0
17339,330,16524,1283.2421769390621,1.0
17337,18,927,1189.9107850362693,1.0
17331,29,1462,622.4936460607811,1.0
17327,20,1050,1131.3391617971874,1.0
17327,5,289,633.4450320335155,1.0
17313,2,129,383.2774189739843,1.0
17312,258,12934,1650.8549919523825,1.0
17312,191,9566,1227.522214016035,1.0
17303,85,4295,1358.9340970925778,1.0
17302,110,5530,523.4249731104295,1.0
17302,105,5274,592.9640375486327,1.0
17301,22,1108,376.89731031144527,1.0
17279,9,455,1168.133736430625,1.0
17274,18,949,466.13187228519524,1.0
17245,19,972,482.15948515562496,1.0
17240,438,21926,632.9386152770702,1.0
17240,273,13662,640.2504847241795,1.0
17240,263,13187,498.0288042418164,1.0
17239,232,11616,460.59354960488275,1.0
17238,14,721,1096.386035614863,1.0
17237,501,25078,240.87427777731438,1.0
17237,249,12487,1129.1471260257813,1.0
17237,79,3962,1153.4247251117968,1.0
17220,57,2883,552.0873712218554,1.0
17213,15,756,912.5641632732811,1.0
17210,191,9551,1057.7841866233985,1.0
17210,130,6540,1368.189023351406,1.0
17210,39,1983,1171.7363336428125,1.0
17208,228,11449,1105.0060901487109,1.0
17206,329,16484,1401.0203542447657,1.0
17206,197,9896,1648.0000200122263,1.0
17206,65,3252,410.1242619685937,1.0
17206,48,2447,1149.9072219579684,1.0
17204,194,9732,1178.362209908164,1.0
17203,5,286,341.15917453435543,1.0
17194,13,682,786.5559673049022,1.0
17191,23,1194,1176.684490322949,1.0
17185,92,4630,594.3521985651561,1.0
17182,16,825,747.2429527814452,1.0
17172,68,3438,1118.2793117659376,1.0
17172,35,1755,1422.116578611172,1.0
17158,70,3537,890.0172796662889,1.0
17157,31,1570,1489.1146658510938,1.0
17157,4,239,1186.635172131484,1.0
17157,2,138,1144.4895014664844,1.0
17146,67,3371,942.9595872252343,1.0
17146,48,2450,1771.9687223992578,1.0
17144,183,9196,1820.1110140128903,1.0
17140,47,2351,325.8310719902343,1.0
17140,5,276,1223.1543464337497,1.0
17140,5,261,439.1833027598437,1.0
17139,228,11420,854.6567576303905,1.0
17139,132,6610,1169.9163717241404,1.0
17139,91,4589,330.39081665374994,1.0
17138,57,2889,781.0813502224022,1.0
17135,47,2385,359.64679080005857,1.0
17132,544,27209,1291.989494691953,1.0
17132,493,24664,638.1538308423436,1.0
17132,493,24663,1641.657415316582,1.0
17132,448,22402,1132.1653599507813,1.0
17132,435,21787,777.8841870576366,1.0
17132,432,21635,1607.1383077636328,1.0
17132,383,19168,664.8911290960937,1.0
17132,361,18082,1478.5055011827344,1.0
17132,152,7639,882.7947052854687,1.0
17131,204,10230,1528.7808725752343,1.0
17128,94,4745,963.3173609605858,1.094243826261974
17128,45,2264,1056.5904081569138,1.0
17128,31,1600,1297.1566839948437,1.0
17128,17,890,1670.602202166875,1.0
17128,3,152,1596.1586546710546,1.0
17122,155,7773,624.6892005387889,1.0
17120,25,1295,673.3931782488476,1.0
17119,51,2588,461.2110184117187,1.0
17119,51,2571,612.6061274485545,1.0
17119,51,2557,561.5808291935546,1.0
17119,13,665,1249.533324615586,1.0
17111,34,1746,705.6844832673436,1.0
17111,34,1718,369.9744673816406,1.0
17111,19,959,305.17604801857414,1.0
17101,79,3969,759.3588792565624,1.0
17100,232,11624,1347.8894330948046,1.0
17100,232,11615,680.0563381527343,1.0
17100,129,6483,621.316706822539,1.0
17100,129,6469,455.56678379255857,1.0
17100,92,4637,818.3870336627538,1.0
17100,12,644,860.5981162621092,1.0
17100,12,610,893.904042111914,1.0
17100,7,385,1021.4442120316796,1.0
17095,51,2586,731.6199976538671,1.0
17095,51,2552,301.168221782539,1.0
17093,130,6545,337.53612108648434,1.0
17087,388,19418,1897.6812933447263,1.0
17087,185,9277,666.0712338524608,1.0
17079,1,79,733.9852125854296,1.0
17079,1,68,366.3080048654296,1.0
17076,7,381,1396.5722041027734,1.0
17070,286,14335,285.10849808851555,1.0
17070,286,14325,421.39250193484366,1.0
17070,255,12778,705.1938763685937,1.0
17070,208,10425,1368.4664984323044,1.0
17067,54,2741,1172.2708980202342,1.0
17067,26,1304,740.6291902360546,1.0
17065,183,9160,550.0707052554686,1.0
17065,170,8522,412.89515518933587,1.0
17065,112,5638,1234.0018273857809,1.0
17057,123,6200,356.13107138105465,1.0
17057,104,5245,1057.9953833984177,1.0
17057,82,4131,706.6680361057616,1.0
17056,158,7913,624.9638423186717,1.0
17055,445,22280,331.8742075256835,1.0
17055,266,13328,701.9807564295506,1.0
17048,99,4981,922.4053408934765,1.0
17048,12,620,600.9045451819726,1.0
17046,97,4856,1226.8620958420897,1.0
17046,82,4124,547.0903460334765,1.0
17033,84,4249,658.9712769561718,1.0
17028,48,2442,435.08964164378904,1.0
17022,10,536,700.0872875859765,1.0
17022,2,148,569.1406376245702,1.0
17011,307,15386,1375.106326429258,1.0
17009,17,892,781.7638662467772,1.0
17009,0,47,830.118527241328,1.0
17005,257,12870,1104.8688988915428,0.9540887658246258
17005,257,12864,1093.5388951854684,1.0
17002,65,3294,612.8279773439061,1.0
17002,65,3270,741.2787509576561,1.0
16978,514,25732,627.8027069390819,1.0
16978,512,25603,657.527446987246,1.0
16964,535,26760,641.6193824957617,1.0
16964,385,19265,2038.2907478986717,1.0
16964,263,13182,1842.2464716794138,1.0
16951,159,7982,637.7930268017382,1.0
16949,488,24436,1332.4477979360154,1.0
16947,56,2842,993.4712774196873,1.0
16942,251,12579,1091.7400578435936,1.0
16935,548,27449,926.6279687932421,1.0
16935,80,4016,943.0517975814062,1.0
16925,12,621,1825.7715450970704,1.0
16894,158,7937,1594.3035125770311,1.0
16894,158,7902,900.4609068795702,1.0
16894,44,2249,469.9156835332226,1.0
16894,32,1601,634.0380596279491,1.0
16894,22,1134,705.2504575086327,1.0
16889,275,13764,466.6656092572265,1.0
16884,34,1713,914.5310027516796,1.0
16875,67,3393,871.675639790078,1.0
16874,270,13530,989.4671537414062,1.0
16864,58,2939,557.251433240039,1.0
16858,80,4029,756.3061886430859,1.0
16858,80,4002,908.5224767556249,1.0
16850,79,3959,603.005455035039,1.0
16845,247,12363,558.6182315640234,1.0
16841,93,4692,834.4404557155077,1.0
16828,36,1840,332.734528765,1.0
16826,359,17973,1364.414878253242,1.0
16826,129,6500,664.2608198527538,1.0
16826,19,957,1426.5420757986326,1.0
16818,115,5786,520.4086418221092,1.0
16818,41,2091,1423.5928623671484,1.0
16818,20,1035,933.943814654453,1.0
16813,31,1594,403.6167617918554,1.0
16809,160,8004,618.2138343432811,1.0
16807,108,5445,692.7979342533202,1.0
16807,76,3840,657.5617449866796,1.0
16797,151,7582,901.5371825327734,1.0
16785,31,1551,932.6171943847655,1.0
16785,0,6,1401.1853140370508,1.0
16782,31,1576,838.4422235276171,1.0
16772,69,3496,1002.0950712138671,1.0
16772,69,3490,529.1732769291796,1.0
16759,106,5329,1038.889722998867,1.0
16750,26,1331,1273.3688363865235,1.0
16746,130,6514,1210.1149639403907,1.0
16744,27,1383,480.8434369557812,1.0
16741,514,25737,651.9975954011131,1.0
16741,490,24527,1447.2437316346873,1.0
16741,162,8107,1558.6786790971873,1.0
16680,24,1249,382.9943771310351,1.0
16680,22,1121,788.4898583624217,1.0
16676,10,545,664.1957413707031,1.0
16588,199,9962,822.559239091621,1.0
16588,194,9714,280.6649758830859,1.0
16588,34,1725,593.0767433924217,1.0
16584,67,3398,1577.306867752383,1.0
16584,67,3355,386.1700030625,1.0
16584,48,2449,605.2832115321092,1.0
16584,48,2424,592.6717111453319,1.0
16583,304,15242,1124.5873434222653,1.0
16583,280,14031,691.2776396305272,1.0
16571,46,2333,1800.9879011342578,1.0
16571,46,2331,1638.7903206133005,1.0
16571,46,2322,659.5556562116795,1.0
16544,122,6104,1526.9939746956834,1.0
16542,63,3181,888.9299394331249,1.0
16532,20,1037,910.6407451998436,1.0
16532,13,682,890.3489778716015,1.0
16514,70,3548,1697.9317716783203,1.0
16514,66,3335,1486.5874094697265,1.0
16514,66,3319,1207.6585028459376,1.0
16504,78,3926,854.972945498164,1.0
16499,266,13336,690.0450802539061,1.0
16499,112,5624,708.0281439229295,1.0
16499,5,261,1542.1941563372657,1.0
16494,35,1758,379.1498083112304,1.0
16494,20,1028,1145.8803620728122,1.0
16493,6,333,1388.3585339628903,1.0
16491,25,1297,470.32062912429683,1.0
16489,256,12805,290.47206561914055,1.0
16489,164,8241,705.5647644333593,1.0
16481,74,3737,423.8910969673242,1.0
16471,38,1913,777.1316996073241,1.0
16468,174,8722,1354.7919138059374,1.0
16468,169,8466,427.2773234108984,1.0
16466,100,5016,1515.5630854765623,1.0
16466,11,592,354.7258234968945,1.0
16458,85,4294,1133.0159654994336,1.0
16446,259,12994,1573.1122844182419,1.0
16446,68,3410,1347.1768511888868,1.0
16442,175,8795,881.2406842409374,1.0
16442,2,121,744.2638096764061,1.0
16439,113,5669,234.02924827837884,1.0
16439,113,5661,376.1564957880859,1.0
16439,47,2391,556.7170820593359,1.0
16426,44,2205,1690.6449667545899,1.0
16426,34,1721,623.5787096067772,1.0
16426,28,1450,973.0654770491014,1.0
16426,7,385,279.53552653384764,1.0
16416,2,143,1149.2212280442577,1.0
16403,67,3366,570.0698930606346,1.0
16403,20,1044,459.1446889026953,1.0
16389,126,6317,367.709760719707,1.0
16389,51,2554,1875.1877938174216,1.0
16384,33,1688,699.1474909085936,1.0
16381,15,789,712.0572171658592,1.0
16381,12,647,1812.3540806422657,1.0
16379,75,3754,361.84609773738276,1.0
16378,195,9757,1277.9124802033593,1.0
16357,8,410,554.8657580421678,1.0
16352,454,22744,631.2492759873046,1.0
16340,304,15203,1408.893342847617,1.0
16337,55,2767,299.2961217080468,1.0
16331,84,4248,335.85497703423823,1.0
16331,33,1682,1709.4045100043359,1.0
16326,94,4746,876.861364750371,1.0
16312,307,15363,595.1241515599608,1.0
16312,307,15357,473.63018628374994,1.0
16310,303,15187,631.5814267282811,1.0
16310,302,15104,332.6065087129296,1.0
16310,278,13916,604.7555400312499,1.0
16299,94,4704,876.5754324962498,1.0
16299,18,936,964.9494524868359,1.0
16289,35,1783,584.2177821273827,1.0
16289,2,143,473.3340156107226,1.0
16289,2,140,1247.5717323666113,1.0
16285,58,2939,620.5257167057811,1.0
16281,339,16985,325.15743491707025,1.0
16281,249,12461,1822.4350021443356,1.0
16281,0,15,899.8565015371873,1.0
16275,161,8051,414.6227158807031,1.0
16267,153,7688,296.76076000322263,1.0
16267,49,2471,1872.5299468823437,1.0
16267,14,708,1546.2410417174997,1.0
16258,45,2291,1106.2228343742968,1.0
16252,112,5634,1179.1432287235543,1.0
16252,8,419,1003.7408655495994,1.0
16250,95,4795,1555.8914221705859,1.0
16250,72,3631,1843.1198853768751,1.0
16247,121,6063,1015.5087604247265,1.0
16243,167,8394,1396.9500553674216,1.0
16243,161,8085,1113.3122155213277,1.0
16227,251,12571,590.1235798833202,1.0
16227,145,7293,644.8099391245312,1.0
16227,135,6773,738.3734254207421,1.0
16227,110,5503,745.5489570595214,1.0
16225,41,2055,594.7485673569921,1.0
16225,14,736,299.1996168729687,1.0
16219,316,15812,1346.6658660395701,1.0
16214,96,4823,519.1713287774218,1.0
16210,91,4575,277.33509653312495,1.0
16209,284,14247,607.23492688291,1.0
16209,179,8960,800.372832599746,1.0
16196,52,2629,1192.879328368164,1.0
16188,214,10712,918.4390348478514,1.0
16186,329,16481,978.3954081030467,1.0
16186,142,7127,1607.2064588285934,1.0
16172,41,2088,1977.6267700499607,1.0
16161,116,5818,388.4877691546484,1.0
16161,84,4206,1193.98334231625,1.0
16158,483,24184,711.8488673925585,1.0
16158,428,21412,719.7963405777733,1.0
16158,406,20342,527.6963232190234,1.0
16158,406,20318,949.0951249853905,1.0
16158,367,18371,717.8965018570311,1.0
16158,97,4854,365.56421223480464,1.0
16150,305,15292,460.5780702274609,1.0
16147,385,19289,1079.4987920830467,1.0
16147,215,10752,976.7778671501366,1.0
16147,133,6665,1178.7223747257422,1.0
16147,48,2402,343.9414871171093,1.0
16122,513,25697,1244.0577026087108,1.0
16121,74,3738,1034.6895423923243,1.0
16121,9,492,1214.7929841784376,1.0
16119,319,15983,411.0968549582226,1.0
16118,231,11568,628.3454311295702,1.0
16118,91,4594,375.6763330633984,1.0
16118,77,3863,680.5177621830077,1.0
16117,61,3053,291.77643078109367,1.0
16115,9,500,342.95892775636713,1.0
16105,30,1530,1215.0103608872655,1.0
16105,20,1008,595.0451365494531,1.0
16102,21,1083,432.0551485021875,1.0
16096,16,847,538.5942364049413,1.0
16096,16,832,1626.2200520716797,1.0
16095,417,20852,766.8161603746092,1.0
16095,415,20778,597.0749529255858,1.0
16095,415,20776,805.1891931853905,1.0
16095,278,13930,489.54521726531243,1.0
16095,202,10113,1341.5561694703906,1.0
16095,96,4846,487.6519025179687,1.0
16094,281,14094,822.6629950715624,1.0
16092,161,8060,1415.0805801134766,1.0
16092,17,861,850.2054419778515,1.0
16092,7,368,446.89358574486323,1.0
16091,57,2898,432.17693255207024,1.0
16090,202,10144,678.5008139343358,1.0
16090,89,4453,1001.8428744954687,1.0
16090,59,2999,1421.311190755117,1.0
16089,207,10352,770.8962423750195,1.0
16075,444,22249,716.7813012544531,1.0
16067,182,9129,1152.3831222335157,1.0
16067,182,9101,307.73122156377923,1.0
16067,97,4887,1467.3981595997657,1.0
16063,152,7607,725.7616968633984,1.0
16060,6,314,614.432069148203,1.0
16052,113,5659,867.2232316489061,1.0
16040,28,1427,2094.6159374249314,1.0
16038,430,21518,1361.4121083745117,1.0
16038,430,21502,1141.938086965195,1.0
16022,443,22177,927.4059785546093,1.0
16021,325,16263,866.2960760777734,1.0
16021,148,7407,1977.4680930794138,1.0
16021,124,6204,968.7076128095799,1.0
16021,46,2307,733.7070883741405,1.0
16013,217,10861,476.2985146209765,1.0
16013,31,1568,1399.733346212383,1.0
16008,12,636,396.10635120624994,1.0
16006,460,23050,460.7540397576562,1.0
16006,64,3246,758.1977214070897,1.0
15989,490,24524,1546.107825877656,1.0
15989,172,8632,1196.6914287705467,1.0
15987,497,24869,1293.4857626511716,1.0
15987,497,24851,902.9867781229295,1.0
15987,453,22677,975.840444621953,1.0
15980,32,1605,565.3538516431248,1.0
15980,12,640,837.5417283280468,1.0
15966,356,17825,499.65525433605467,1.0
15966,343,17162,792.1813120646874,1.0
15966,193,9684,371.94382818886714,1.0
15966,20,1017,579.8476621312108,1.0
15965,375,18786,747.689224207617,1.0
15965,267,13384,686.9045032362109,1.0
15965,235,11791,368.8999036590234,1.0
15965,235,11781,1605.7174996835156,1.0
15965,70,3520,964.422090227285,1.0
15955,56,2841,1386.8986764602341,1.0
15954,36,1839,781.5633018738671,1.0
15948,92,4606,679.4794501908398,1.0
15948,84,4239,1052.0433286388961,1.0
15946,42,2135,369.2907005084765,1.0
15946,42,2120,1586.8410567389842,1.0
15946,9,473,1814.6853017399217,1.0
15940,299,14958,1284.182058601445,1.0
15939,95,4755,620.1218616943748,1.0
15935,148,7415,974.5090108051952,1.0
15933,229,11494,696.9826987381249,1.0
15931,447,22398,718.1752342323828,1.0
15930,498,24908,279.61601971246085,1.0
15930,302,15120,898.5375525012108,1.0
15930,235,11779,1348.8258286800387,1.0
15923,378,18901,428.0399139861718,1.0
15923,343,17189,597.7091910401172,1.0
15923,302,15113,1014.7911799594531,1.0
15923,95,4788,391.2278959492773,1.0
15919,81,4081,1399.842294612422,1.0
15919,26,1346,1564.0064038135156,1.0
15918,28,1430,1300.8414715989452,1.0
15916,239,11972,315.85455099855466,1.0
15915,465,23293,960.9296552559179,1.0
15915,387,19397,314.9716948511132,1.0
15913,58,2903,1045.7511465947655,1.0
15913,53,2679,821.5234605278905,1.0
15913,53,2672,1445.3750353272458,1.0
15913,11,555,1182.0627672610153,1.0
15909,195,9789,1020.9889393003515,1.0
15901,352,17649,558.4927764546484,1.0
15901,287,14371,1386.006852519121,1.0
15901,269,13460,893.8101499061718,1.0
15900,226,11348,891.3062718087499,1.0
15900,174,8741,1362.7027047244724,1.0
15900,174,8739,682.9369551911327,1.0
15900,165,8260,942.9861789899999,1.0
15877,101,5053,1289.7318666046094,1.0
15867,143,7192,481.8182402124023,1.0
15867,99,4993,1777.3910736735252,1.0
15867,41,2077,617.1653007978905,1.0
15863,57,2885,305.87344272371087,1.0
15861,79,3985,1683.3401305522657,1.0
15861,68,3424,841.883155481953,1.0
15859,354,17747,1274.5616448166406,1.0
15859,253,12652,535.2488568903515,1.0
15859,34,1721,1861.3843109763866,1.0
15840,34,1735,642.8563646314648,1.0
15834,195,9754,980.5959420274218,1.0
15834,25,1298,1496.9240693739844,1.0
15829,38,1938,708.0045708671873,1.0
15805,22,1143,371.11788173273436,1.0
15805,10,541,676.2299205151171,1.0
15801,252,12622,858.8490878978124,1.0
15794,41,2087,315.5148784671093,1.0
15785,231,11571,1028.4863251451561,1.0
15785,229,11482,1173.5650495065624,1.0
15785,222,11132,661.0020521555467,1.0
15785,222,11113,1376.749039781328,1.0
15785,216,10824,642.6375428537694,1.0
15785,198,9948,559.8003833454687,1.0
15785,175,8774,850.2734897816405,1.0
15785,175,8752,429.12377048535154,1.0
15785,162,8134,462.86486118779294,1.0
15785,84,4215,639.0372635550781,1.0
15785,67,3362,1031.484294874453,1.0
15785,38,1931,1958.8766704030468,1.0
15778,53,2682,357.9028098308203,1.0
15777,105,5262,453.46036441742183,1.0
15777,64,3216,288.88995971556636,1.0
15774,465,23293,714.3753616156249,1.0
15774,465,23252,1364.217048727031,1.0
15774,316,15826,551.7638937620117,1.0
15774,78,3921,802.1208849041601,1.0
15762,295,14764,958.8672746179882,1.0
15751,36,1830,313.88391853802733,1.0
15722,88,4447,886.6101699491405,1.0
15720,9,489,1568.5474485629493,1.0
15715,127,6373,409.6654176029101,1.0
15715,105,5298,1189.2691358297266,1.0
15702,50,2547,1397.7867090578125,1.0
15702,47,2363,810.9149775835937,1.0
15701,507,25366,315.6680818168749,1.0
15689,327,16384,246.47280537445306,1.0
15689,305,15300,1109.7898249030368,1.0
15689,264,13221,460.3149145162109,1.0
15689,236,11827,592.0463801353515,1.0
15677,78,3949,1397.4722363423048,1.0
15677,78,3925,1406.1896766017576,1.0
15677,24,1208,2058.748445378945,1.0
15676,213,10687,943.4366103025585,1.0
15676,201,10059,380.130393119414,1.0
15676,126,6348,846.6468854298437,1.0
15676,62,3122,835.9966992227343,1.0
15676,62,3117,339.51404000109375,1.0
15634,231,11579,277.334099570664,1.0
15634,93,4684,342.22161480236326,1.0
15634,93,4674,962.9637232993749,1.0
15634,35,1769,1639.4253792314062,1.0
15634,33,1667,333.07149188287104,1.0
15633,27,1386,1591.6797467014844,1.0
15633,8,430,970.4752527058984,1.0
15603,202,10117,1472.6987365656446,1.0
15592,216,10841,843.2484296358398,1.0
15590,421,21054,1022.7232218901171,1.0
15590,416,20826,702.4952625366014,1.0
15590,416,20808,847.9874243248046,1.0
15590,403,20187,1071.718640645156,1.0
15590,324,16240,339.03352970619136,1.0
15590,322,16111,1040.0353955701366,1.0
15590,35,1766,1494.6956546647657,1.0
15590,1,77,379.5370433337304,1.0
15588,211,10587,764.8311464955273,1.0
15588,32,1640,687.5338686571092,1.0
15554,225,11293,758.4914398804686,1.0
15528,99,4971,804.7065449714452,1.0
15504,92,4646,361.1114983747656,1.0
15504,80,4017,1160.939625544609,1.0
15504,51,2562,1521.5320113710154,1.0
15502,142,7131,1577.6421607983593,1.0
15499,92,4625,410.5095221354687,1.0
15499,66,3344,1247.8591227055467,1.0
15497,197,9887,1932.4151392492186,1.0
15494,21,1068,1828.6566275089453,1.0
15492,43,2193,879.5682209843163,1.0
15491,328,16411,930.9060082473632,1.0
15491,116,5819,1555.4419021820313,1.0
15491,100,5012,752.9607915066405,1.0
15491,0,36,723.2658884679687,1.0
15486,373,18690,1665.782281967031,1.0
15486,357,17853,517.7990707775781,1.0
15484,355,17762,1268.9403420696872,1.0
15484,316,15845,668.657164951035,1.0
15484,69,3483,544.0166553855858,1.0
15482,169,8477,1395.677247421328,1.0
15482,149,7485,276.6594654515429,1.0
15482,41,2083,915.5715909679296,1.0
15479,263,13180,1218.9598823976953,1.0
15477,20,1042,1063.1950986476368,1.0
15473,150,7545,1021.0869246826952,1.0
15471,53,2698,470.31747653042964,1.0
15471,30,1531,412.8735950086328,1.0
15469,240,12049,1083.8097730738086,1.0
15469,133,6681,656.2657730782421,1.0
15466,272,13607,672.2558793071875,1.0
15466,104,5203,454.17628003560543,1.0
15465,60,3026,336.4476793601562,1.0
15465,60,3004,687.5294121515624,1.0
15464,247,12369,1339.166175796172,1.0
15464,200,10006,869.4566797641405,1.0
15464,167,8368,1382.826456735781,1.0
15463,35,1784,1236.9781861796873,1.0
15462,150,7532,1137.8963142335938,1.0
15462,150,7514,409.53191319056634,1.0
15462,41,2083,517.2654833512498,1.0
15457,46,2344,1494.9222824533595,1.0
15456,33,1663,1343.7100609849217,1.0
15450,250,12545,1536.709732178203,1.0
15450,205,10288,1153.840250427461,1.0
15449,110,5547,613.2813211977342,1.0
15447,50,2505,856.6092295253906,1.0
15445,6,321,585.3811534487108,1.0
15428,275,13782,870.2532021020312,1.0
15425,142,7106,681.628316340703,1.0
15422,105,5286,514.431082575703,1.0
15422,105,5266,854.0569684326562,1.0
15422,50,2505,716.344166935703,1.0
15421,155,7758,1285.6762891881444,1.0
15419,5,257,495.2811215748828,1.0
15416,102,5135,1228.4790119719528,1.0
15416,57,2895,1669.1536577832812,1.0
15416,32,1640,1425.3923642199215,1.0
15416,6,346,1424.8807901280466,1.0
15413,8,420,330.9056434180371,1.0
15411,133,6661,985.772790455,1.0
15402,120,6039,869.8065260993944,1.0
15402,112,5633,619.1845349545312,1.0
15397,128,6409,1476.7354041247654,1.0
15396,20,1035,311.9087310136328,1.0
15392,73,3659,834.2464578608593,1.0
15392,73,3653,722.26061341625,1.0
15392,61,3053,801.152145403203,1.0
15391,292,14631,1014.3018157615234,1.0
15391,272,13613,954.1279258514647,1.0
15391,272,13606,696.4943797140234,1.0
15391,272,13602,790.8955533688671,1.0
15391,84,4236,461.01843712681637,1.0
15383,283,14158,280.51921647423825,1.0
15364,64,3249,1186.0033113563477,1.0
15354,23,1171,657.5509220574218,1.0
15348,170,8514,655.9015390938866,1.0
15348,144,7235,960.333144851953,1.0
15348,132,6613,772.0196081249218,1.0
15348,76,3833,952.516169253828,1.0
15348,28,1442,1025.9331053991014,1.0
15343,6,329,1099.507012024375,1.0
15339,146,7337,385.5597426124023,1.0
15335,222,11134,1056.0957100246483,1.0
15335,123,6198,1093.164357875527,1.0
15334,20,1034,1166.0179821706247,1.0
15334,20,1006,1302.6845151707812,1.0
15330,63,3161,282.6819945533203,1.0
15330,54,2732,1158.7233166365231,1.0
15328,240,12038,266.1807883779101,1.0
15328,166,8316,1424.3691946841795,1.0
15328,139,6996,863.5729584957811,1.0
15328,116,5811,840.6540129651562,1.0
15328,85,4297,1766.0856174615233,1.0
15328,85,4273,500.68531834650383,1.0
15324,19,953,590.3276955826561,1.0
15318,36,1820,1416.9384395246093,1.0
15318,24,1234,1317.8332180984767,1.0
15316,259,12966,774.2507923215721,1.0
15316,249,12479,766.4578616232518,1.0
15316,249,12463,931.890348140664,1.0
15316,240,12041,1660.2172366574218,1.0
15316,237,11900,659.6409406366015,1.0
15316,237,11856,464.4033176745312,1.0
15316,116,5842,392.83329675156244,1.0
15316,93,4681,465.58785853437496,1.0
15308,14,745,1062.2013909375,1.0
15291,318,15904,1505.3584938625781,1.0
15291,307,15353,1101.772827948203,1.0
15291,196,9821,1293.310489726406,1.0
15291,178,8909,293.80540623835935,1.0
15291,137,6879,1454.0799532028122,1.0
15291,89,4477,753.3046306483202,1.0
15291,17,893,592.3174198708788,1.0
15287,52,2638,1446.9022027134374,1.0
15279,84,4225,273.79363415425775,1.0
15279,57,2898,344.9508097802929,1.0
15279,26,1334,354.96650628042966,1.0
15275,1,83,1567.9384092771484,1.0
15264,71,3563,988.7302237479687,1.0
15261,5,294,685.6763809297655,1.0
15254,150,7536,587.1313352948046,1.0
15251,153,7682,358.46959594173825,1.0
15251,63,3174,634.7283324098436,1.0
15251,38,1912,1146.182538583203,1.0
15251,5,255,758.2214788892968,1.0
15249,136,6806,423.5438698725781,1.0
15236,87,4398,936.2495596536718,1.0
15236,87,4376,1137.7661246411521,1.0
15225,25,1295,913.8079757914062,1.0
15222,25,1279,1119.5852961517771,1.0
15222,19,966,636.8641763771483,1.0
15183,32,1613,549.8424511191209,1.0
15167,106,5331,766.5056719453905,1.0
15166,189,9484,608.9923860311131,1.0
15161,201,10060,661.5041102391405,1.0
15160,159,7975,297.77325361255856,1.0
15152,98,4942,1288.5499328185742,1.0
15151,312,15626,1209.5249381141402,1.0
15151,251,12593,1524.2340231726562,1.0
15151,73,3658,898.8565551808592,1.0
15151,10,549,387.58995616347653,1.0
15147,78,3935,897.7063170685936,1.0
15147,69,3484,558.0189394222656,1.0
15147,68,3436,308.92054099705075,1.0
15147,68,3407,1481.8539613181247,1.0
15145,92,4636,955.254525577539,1.0
15140,231,11552,649.6800916217186,1.0
15140,213,10661,691.3832871684764,1.0
15140,193,9652,1099.281921811289,1.0
15140,129,6460,623.8947482745897,1.0
15140,45,2300,1300.176396461406,1.0
15140,45,2261,975.0892659790624,1.0
15140,8,433,995.1328692377343,1.0
15138,10,546,1372.3426199359765,1.0
15128,193,9681,658.4595388199999,1.0
15128,140,7049,935.0422834814061,1.0
15128,117,5883,646.2334444401757,1.0
15124,5,251,1481.0645894058398,1.0
15117,154,7728,497.96808385332025,1.0
15117,11,592,838.5285016505468,1.0
15116,194,9701,549.9867468767967,1.0
15116,100,5045,566.8357287553514,1.0
15115,170,8525,1175.387216982695,1.0
15115,147,7381,1792.2713312014453,1.0
15115,147,7359,309.3469275316015,1.0
15115,25,1294,402.18500140796874,1.0
15115,3,177,916.5296803758592,1.0
15106,190,9547,881.6362376521092,1.0
15106,190,9525,825.7250431186718,1.0
15106,86,4336,590.6688862238768,1.0
15106,14,717,1283.5558759925389,1.0
15106,14,712,460.4502251402734,1.0
15103,146,7349,359.83721541197264,1.0
15073,164,8240,679.5729244499217,1.0
15065,42,2135,559.9956869493554,1.0
15065,35,1751,849.3362848887108,1.0
15061,90,4532,712.8107776412304,1.0
15061,62,3139,851.3298150276562,1.0
15057,113,5664,911.6537016776562,1.0
15057,106,5322,489.0240035631054,1.0
15057,58,2936,1081.168372490742,1.0
15054,213,10691,356.68386196835934,1.0
15053,81,4068,718.3393638278125,1.0
15053,33,1665,1135.7219125778124,1.0
15019,0,33,639.4128980653123,1.0
15017,96,4841,903.3208405721093,1.0
15004,23,1194,285.6827575592187,1.0
15002,55,2800,491.5223320813476,1.0
15002,55,2782,592.2422276974609,1.0
14993,94,4726,347.35994859136713,1.0
14990,170,8517,373.9490686821093,1.0
14990,100,5032,372.5042812107812,1.0
14989,252,12649,1338.7060808930664,1.0
14986,59,2999,1240.4862472789255,1.0
14981,180,9011,609.106001395996,1.0
14980,157,7854,612.2114718737499,1.0
14980,119,5975,466.7358722323242,1.0
14980,52,2646,1444.2163727176562,1.0
14980,52,2603,1334.3270215646485,1.0
14980,23,1171,1188.3830301872654,1.0
14980,23,1161,1165.3683921384763,1.0
14970,223,11193,352.3914107593164,1.0
14956,327,16365,1132.938931741504,1.0
14955,161,8075,1230.8834404855465,1.0
14948,256,12824,678.7885632772069,1.0
14948,113,5684,402.32354401792963,1.0
14948,92,4643,794.4326102334179,1.0
14942,317,15882,680.118586206875,1.0
14942,279,13994,694.7266722503124,1.0
14942,66,3312,329.8758169661523,1.0
14940,64,3228,974.6100576290623,1.0
14938,287,14377,411.069900978164,1.0
14938,228,11435,400.4323786195312,1.0
14938,207,10380,591.5538619415233,1.0
14938,195,9754,573.7747644059178,1.0
14926,46,2344,1749.8742398757813,1.0
14926,4,214,903.9747785123241,1.0
14924,283,14189,1572.635413158789,1.0
14924,273,13683,725.2027707704295,1.0
14924,41,2096,963.0867155212694,1.0
14921,78,3905,1043.2967551157813,1.0
14915,89,4460,1138.6108521889842,1.0
14915,25,1286,1047.9393833016406,1.0
14914,82,4150,322.48227382595695,1.0
14912,309,15468,1203.8314829138085,1.0
14912,275,13773,354.6555358409765,1.0
14912,155,7783,990.7335291762108,1.0
14912,132,6646,742.2328807012499,1.0
14912,55,2755,491.57481821332027,1.2949701927292323
14912,31,1583,1051.5145651062107,1.0
14903,1,78,655.5817513769531,1.0
14902,298,14932,626.6356063882616,1.0
14901,319,15973,1052.4345555593945,1.0
14901,234,11731,446.00668339820305,1.0
14901,83,4196,542.9424956251171,1.0
14901,51,2583,471.5852416667382,1.0
14901,42,2150,1557.447654790742,0.9032067617365453
14900,34,1736,458.05110446255856,1.0
14899,279,13954,706.507063312578,1.0
14899,215,10800,912.930093638164,1.0
14897,81,4070,1573.9754470172265,1.0
14897,13,668,973.7628002192577,1.0
14897,7,398,565.2038912326171,1.0
14891,221,11085,1109.385786576836,1.0
14891,140,7050,1043.7702240878125,1.0
14891,134,6742,684.6313441702342,1.0
14890,130,6513,984.1713050692186,1.0
14890,75,3752,1744.2966957971876,1.0
14888,186,9347,786.7471230060936,1.0
14885,4,220,625.7351270512108,1.0
14885,4,207,584.5283993251365,1.0
14884,178,8918,531.9767398473826,1.0
14878,196,9844,1468.956751208203,1.0
14878,112,5617,415.71733106204096,1.0
14878,72,3640,336.495507054082,1.0
14878,28,1402,850.737427511914,1.0
14877,225,11252,1017.1046042496874,1.0
14877,53,2672,1409.489548491445,1.0
14870,76,3833,1254.761977545449,1.0
14870,76,3819,391.14569243457026,1.0
14830,47,2358,716.1930171580077,1.0
14830,25,1295,1809.917535154531,1.0
14824,92,4610,651.4228406262304,1.0
14818,22,1108,1732.1975793427341,1.0
14814,217,10860,1064.6557609318943,1.0
14812,136,6826,390.8290736367187,1.0
14807,249,12487,1315.3969486727342,1.0
14807,18,912,744.6290661573437,1.0
14807,8,440,401.3080910866015,1.0
14801,291,14580,972.9760680772655,1.0
14799,89,4463,822.7319307353124,1.0
14799,80,4036,1079.8298951346874,1.0
14790,197,9865,590.0948788537108,1.0
14790,118,5947,1047.5055126634375,1.0
14790,6,342,671.5030437714549,1.0
14790,6,340,682.8122930805858,1.0
14789,138,6913,1055.0743394944138,1.0
14788,29,1488,384.7243425533398,1.0
14785,56,2827,874.6807838161131,1.0
14785,56,2810,991.8994238140233,1.0
14785,50,2525,835.7261991204296,1.0
14785,50,2523,1612.7672685392577,1.0
14785,27,1393,1340.4418671376561,1.0
14782,143,7164,405.68572480855465,1.0
14782,119,5968,872.8772598317187,1.0
14782,99,4991,575.4774341383007,1.0
14782,20,1050,835.955883401621,1.0
14774,195,9796,769.2071713592967,1.0
14774,127,6381,873.177470470742,1.0
14774,102,5103,1171.7380061475387,1.0
14772,276,13825,1438.7945786184373,1.0
14772,260,13015,929.1940092680468,1.0
14770,138,6945,1233.075961951582,1.0
14768,33,1688,1615.1846788877342,1.0
14764,73,3661,501.94681579173823,1.0
14764,70,3539,761.8495436024804,1.0
14764,34,1723,968.5604373485936,1.0
14764,10,527,639.9694707297069,1.0
14763,26,1347,318.78961108773433,1.0
14760,152,7625,1027.2447143170602,1.0
14760,40,2018,987.2437281748437,1.0
14760,31,1553,550.6300094964453,1.0
14758,213,10698,1344.6770394198438,1.0
14758,106,5345,464.776424139414,1.0
14758,21,1083,565.1483793398827,1.0
14754,0,41,940.7821496176366,1.0
14749,87,4361,1323.998725395918,1.0
14749,79,3998,992.76782145875,1.0
14749,68,3432,235.46936563642572,1.0
14741,79,3973,1371.6471406471092,1.0
14741,2,119,526.9898497515234,1.0
14736,278,13923,693.4538849699218,1.0
14736,278,13911,1456.5651466717186,1.0
14729,197,9858,812.6419134284374,1.0
14729,86,4347,643.5382080453905,1.0
14729,10,503,892.627191110078,1.0
14725,80,4023,1361.2344653897267,1.0
14725,62,3107,1619.9785655842384,1.0
14725,7,358,596.6189047339061,1.0
14721,174,8730,1778.3921677432813,1.0
14721,128,6430,458.75637634340814,1.0
14721,88,4416,871.1777446179686,1.0
14721,82,4145,1254.5597925758593,1.0
14716,61,3078,289.66309412703123,1.0
14716,61,3051,1311.9704940092774,1.0
14715,55,2775,404.8668624075586,1.0
14715,25,1264,1086.9369020174217,1.0
14712,234,11738,639.225034505664,1.0
14707,55,2761,1538.671296633945,1.0
14707,37,1861,717.2439221967187,1.0
14697,71,3564,661.8052353048241,1.0
14697,37,1868,1728.5915676966015,1.0
14697,27,1367,468.23831458992186,1.0
14694,7,367,569.3432573521678,1.0
14686,60,3036,912.6161734366991,1.0
14686,16,833,1943.549050594609,1.0
14677,62,3142,659.6597953114843,1.0
14664,207,10367,610.3983693295702,1.0
14664,129,6489,677.4150813064842,1.0
14647,114,5740,1520.0967280444138,1.0
14644,285,14269,1274.020792273789,1.0
14644,285,14257,1247.7088520998436,1.0
14643,278,13901,663.3239596009765,1.0
14643,224,11243,535.4976291388671,1.0
14641,127,6359,709.9791286805076,1.0
14641,59,2964,568.3470655452343,1.0
14634,168,8447,1046.0970031317966,1.0
14634,168,8427,1667.9516255840817,1.0
14634,159,7997,1031.9076148513282,1.0
14632,100,5038,1229.920444110293,1.0
14632,1,76,801.7950464066015,1.0
14626,235,11787,432.5554582366015,1.0
14626,226,11336,436.0053626566015,1.0
14626,203,10195,435.3862325351367,1.0
14626,172,8620,946.9548662149804,1.0
14626,145,7297,644.5860951070312,1.0
14626,86,4333,1560.269725503027,1.0
14626,64,3212,1073.0369003202732,1.0
14623,240,12029,857.1585945540623,1.0
14623,137,6888,595.2467308646484,1.0
14621,96,4846,1048.0258401953124,1.0
14621,96,4819,571.454287410742,1.0
14617,82,4127,1031.493183024531,1.0
14617,78,3945,401.160450226914,1.0
14617,76,3842,935.7892815905273,1.0
14617,76,3836,791.1407419687304,1.0
14615,62,3146,1175.3897808035936,1.0
14611,198,9950,513.4984895426562,1.0
14610,27,1372,722.518375101328,1.0
14609,176,8819,708.9804388686717,1.0
14609,10,537,596.5948983111522,1.0
14607,175,8764,1170.8335671253512,1.0
14607,72,3647,1216.4738459344726,1.0
14592,44,2212,816.3254797174608,1.0
14592,37,1869,804.3495848366796,1.0
14592,19,975,692.8094347753124,1.0
14592,15,761,963.6153738215233,1.0
14577,77,3880,1561.276163239248,1.0
14572,25,1296,355.70621719427726,1.0
14572,25,1285,2382.8297495942575,1.0
14572,20,1047,1384.2899937785155,1.0
14569,175,8763,443.8893022748437,1.0
14569,50,2526,961.322161205664,1.0
14562,122,6146,428.0799330133984,1.0
14562,47,2379,1221.5853479024609,1.0
14559,51,2592,733.1500422506249,1.0
14558,30,1545,990.0195093737499,1.0
14556,256,12831,174.07138944812493,1.0
14556,215,10754,1571.0858841211716,1.0
14556,172,8625,1264.1102185920704,1.0
14556,156,7838,1454.677997238828,1.0
14556,156,7802,853.25658145166,1.0
14555,230,11507,597.338362641953,1.0
14553,308,15436,698.4831281664257,1.0
14553,78,3918,574.0917628392968,1.0
14551,36,1825,635.5693139244921,1.0
14550,17,861,1676.8550257491893,1.0
14549,205,10254,1139.3094199295701,1.0
14549,60,3036,507.0990122933398,1.0
14548,120,6018,629.4174430587108,1.0
14548,105,5281,371.4587194776562,1.0
14543,211,10560,845.2057482152343,1.0
14543,101,5090,1442.0080662821288,1.0
14542,113,5680,686.8652178086718,1.0
14542,89,4470,1080.9826084710935,1.0
14542,81,4098,853.5690257978905,1.0
14537,118,5927,1055.1550053275387,1.0
14537,111,5589,1117.6656445928515,1.0
14535,122,6112,1673.801308956406,1.0
14527,129,6464,258.89424228029293,1.0
14527,115,5774,950.4836551680077,1.0
14527,41,2083,500.61565966218745,1.0
14524,22,1116,1342.2915052727735,1.0
14524,6,347,572.5343746102343,1.0
14524,6,321,1007.81623367166,1.0
14475,27,1380,993.499602000078,1.0
14475,27,1369,1418.0246939461326,1.0
14475,3,193,726.997208335703,1.0
14470,7,388,1631.1102679027344,1.0
14470,4,216,578.4349296229492,1.0
14469,130,6526,666.604772350957,1.0
14469,67,3367,774.222236900996,1.0
14468,126,6332,1747.4102044209762,1.0
14468,76,3848,806.4512533351952,1.0
14467,116,5804,1422.8491828089645,1.0
14464,268,13424,276.88967872615234,1.0
14464,169,8454,1533.9661438365233,1.0
14464,88,4438,745.4061676608593,1.0
14463,220,11049,594.1526812598925,1.0
14463,46,2303,413.53476538886713,1.0
14459,92,4641,757.5750160839061,1.0
14456,63,3188,1008.5561729324999,1.2167696288341987
14455,108,5403,645.093223304453,1.0
14453,132,6617,761.5646736664843,1.0
14453,88,4410,808.4266427339452,1.0
14453,88,4407,283.0609809625976,1.0
14453,40,2021,514.8381627431054,1.0
14452,83,4200,948.7592466685351,1.0
14452,7,364,766.3725390011717,1.0
14450,275,13795,559.98934584041,1.0
14445,125,6261,973.5237035003124,1.0
14432,77,3881,874.7599966175,1.0
14431,93,4688,993.3527704986132,1.0
14431,16,818,562.2658427814453,1.0
14428,125,6299,616.1564268907421,1.0
14428,125,6268,672.8757685128905,1.0
14427,214,10749,1061.6491513715623,1.0
14427,207,10356,710.4960592945312,1.0
14410,206,10312,638.9738674246288,1.0
14410,40,2043,881.7150886267382,1.0
14410,40,2036,701.1284012726952,1.0
14409,278,13950,1193.2054576621094,1.0
14409,278,13907,542.7196233841211,1.0
14409,220,11002,1104.5837454558982,1.0
14409,124,6211,525.4364032385155,1.0
14408,34,1702,383.09482609867183,1.0
14408,5,292,1395.4788638271093,1.0
14408,5,255,772.60539398541,1.0
14391,34,1702,616.1351561312695,1.0
14379,204,10249,1007.4643948861132,1.0
14379,86,4333,1018.2719993992968,1.0
14377,283,14187,819.0630739448046,1.0
14377,283,14164,939.5126719311327,1.0
14377,168,8431,842.8341901837889,1.0
14377,27,1399,588.7477011323436,1.0
14377,27,1369,735.663076911289,1.0
14375,90,4504,1139.9249987059375,1.0
14372,147,7395,1572.615236285742,1.0
14369,132,6614,1472.8639152341407,1.0
14369,23,1152,1445.833349378047,1.0
14368,160,8043,1292.5676462247657,1.0
14368,135,6756,1530.209243571699,1.0
14367,307,15375,1742.6310896229493,1.0
14367,187,9365,883.9159469820312,1.0
14367,153,7693,536.3688554798047,1.0
14367,145,7273,756.7091996239061,1.0
14367,3,187,1438.931156722695,1.0
14363,120,6041,664.3952250112108,1.0
14343,321,16066,900.7949416670116,1.0
14343,229,11496,921.6314135097069,1.0
14343,99,5000,550.0056362780663,1.0
14342,68,3448,429.211127435664,1.0
14336,13,694,696.3288075383592,1.0
14332,64,3213,796.0854471105663,1.0
14332,16,843,675.1961892775976,1.0
14332,8,409,575.1075864810156,1.0
14329,12,633,1850.9272484042576,1.0
14324,32,1624,1309.5204709546483,1.0
14313,307,15399,682.8963074314452,1.0
14302,19,997,723.7663490543749,1.0
14302,11,556,467.1650282961523,1.0
14302,7,375,1305.5428665342965,1.0
14301,126,6314,993.2350226344921,1.0
14300,103,5175,752.2186674733788,1.0
14300,26,1309,1123.5944956989842,1.0
14300,15,784,693.3594302487304,1.0
14293,6,312,1004.021578496289,1.0
14290,180,9009,2600.625091042656,1.0
14290,65,3288,753.9671417596093,1.0
14290,49,2477,373.3975542399804,1.0
14290,9,484,633.039188351328,1.0
14290,2,118,792.1891720203514,1.0
14283,4,205,789.675704197578,1.0
14274,184,9214,1636.4526107130077,1.0
14272,78,3931,917.1263247431835,1.0
14272,51,2600,885.9106383214843,1.0
14270,283,14174,1276.6637975392969,1.0
14263,111,5558,679.8409277817186,1.0
14263,85,4272,387.0415504763476,1.0
14263,85,4260,1899.7167604574606,1.0
14259,232,11649,640.968467995039,1.0
14259,203,10199,1239.6887709860152,1.0
14259,114,5724,834.2992586016014,1.0
14259,114,5702,895.694840494453,1.0
14259,22,1131,832.3246181623437,1.0
14257,220,11004,535.3168535411718,1.0
14257,0,35,1844.084314283125,1.0
14257,0,26,275.5248396732812,1.0
14245,145,7267,1308.7436517805468,1.0
14245,63,3191,552.9336990105468,1.0
14243,140,7016,686.9132068253515,1.0
14243,124,6205,1573.6604330557811,1.0
14229,68,3447,1076.1676114973825,1.0
14227,134,6734,907.4852684637499,1.0
14224,73,3661,591.8584446802928,1.0
14224,64,3233,1213.9635905511327,1.0
14224,49,2489,1577.577860687461,1.0
14224,49,2463,439.8790996292773,1.0
14218,194,9750,692.3593316415623,1.0
14216,90,4546,524.4080366323045,1.0
14216,78,3910,1090.1937885268553,1.0
14211,66,3348,813.3188865334374,1.0
14206,157,7878,1358.612607420156,1.0
14186,154,7735,1589.4932732184375,1.0
14186,154,7706,813.3662297471483,1.0
14185,13,691,1714.2690944448436,1.0
14185,13,669,847.0100980164257,1.0
14175,68,3435,402.81266084044915,1.0
14172,66,3308,355.57855171343743,1.0
14163,36,1805,1073.5004791404294,1.0
14157,65,3267,1310.6860604435155,1.0
14157,58,2933,287.621781348164,1.0
14153,117,5852,357.5640817470117,1.0
14152,243,12184,1097.5369978396875,1.0
14148,213,10675,804.7267886978124,1.0
14148,133,6686,888.1099164756639,1.0
14148,101,5070,1321.8631743301953,1.0
14148,40,2021,585.2074055939257,1.0
14148,40,2018,1700.3217395067772,1.0
14148,18,939,2048.1225167550583,1.0
14148,9,453,811.3562029901561,1.0
14147,30,1549,1121.1115195289453,1.0
14134,232,11620,427.57765805734374,1.0
14129,47,2355,767.8195570804686,1.0
14129,39,1996,573.1986520437499,1.0
14129,31,1555,536.1157306807617,1.0
14129,10,536,1343.8836427684764,1.0
14127,223,11159,639.7331099245312,1.0
14125,90,4538,370.69102026994136,1.0
14125,28,1420,1202.0552709902927,1.0
14121,221,11063,1843.200981646914,1.0
14121,221,11060,708.9780558146093,1.0
14114,197,9892,853.0634749504101,1.0
14112,27,1366,962.345032711953,1.0
14109,59,2992,1846.1307732971873,1.0
14109,4,235,784.7182415713671,1.0
14108,207,10386,618.6500354360155,1.0
14107,60,3005,1948.1261628658594,1.0
14107,48,2442,334.0907439262988,1.0
14107,41,2068,1421.686192667617,1.0
14105,128,6429,1536.5191458508398,1.0
14105,71,3593,1545.7272679003513,1.0
14105,21,1052,415.8375196151757,1.0
14101,54,2715,886.0518498653514,1.0
14101,41,2088,289.42118500968746,1.0
14101,15,757,474.7294796624804,1.0
14101,9,488,945.2523974339842,1.0
14095,189,9500,1127.686278644609,1.0
14095,52,2631,1268.3472325011912,1.0
14093,250,12534,1084.4199290667575,1.0
14088,29,1492,1235.0876495485154,1.0
14088,15,784,1154.1040380916602,1.0
14088,15,778,509.6452817711328,1.0
14084,40,2003,1356.5186381084372,1.0
14079,78,3918,451.484162979414,1.0
14074,23,1172,892.3403918813475,1.0
14074,17,873,954.0483509702733,1.0
14074,15,782,648.7132465824608,1.0
14068,236,11824,1209.586520270078,1.0
14068,217,10865,666.3316227080078,1.0
14068,107,5395,535.1020292576952,1.0
14067,92,4614,923.499954149492,1.0
14062,256,12802,1469.5632720933204,1.0
14060,70,3515,1042.537686175156,1.0
14060,32,1628,635.0251069936718,1.0
14060,22,1116,830.6396943405858,1.0
14058,151,7573,1428.8476520550585,1.0
14058,104,5220,693.3309614135155,1.0
14053,90,4513,1503.1900496532617,1.0
14053,58,2948,1309.4853326526172,1.0
14053,47,2360,913.9561386161328,1.0
14053,45,2291,708.9179000384373,1.0
14053,23,1181,1215.2875530365036,1.0
14049,116,5824,924.5855948744139,1.0
14049,73,3685,1028.9110866277342,1.0
14047,134,6718,1105.5073710127926,1.0
14047,115,5769,451.1914318637109,1.0
14047,78,3929,591.9544935496484,1.0
14047,33,1695,856.1173414958593,1.0
14047,30,1542,817.213091285371,1.0
14030,136,6821,445.3607438827343,1.0
14021,251,12559,284.13153103294917,1.0
14021,251,12553,856.1701057311523,1.0
14021,195,9769,1481.5481685473828,1.0
14020,224,11219,679.0897382179492,1.0
14020,196,9818,956.4035275303124,1.0
14020,196,9803,964.0881477712499,1.0
14020,183,9170,1225.1052280751169,1.0
14020,183,9159,1051.2923959859372,1.0
14020,124,6229,371.190036396875,1.0
14020,98,4944,801.160724550117,1.0
14020,22,1113,1331.5153014508983,1.0
14020,4,205,627.7682861515037,1.0
14014,18,931,1177.1725620706443,1.0
14014,5,291,876.663208837617,1.0
14012,4,230,521.2002245245702,1.0
14009,168,8412,1018.2754941411522,1.0
14009,163,8198,410.174951251582,1.0
14009,139,6989,653.6785339761913,1.0
14008,195,9775,1430.8984184991405,1.0
14007,161,8062,1548.7004789382813,1.0
13992,5,272,1248.0867020861524,1.0
13985,0,33,1321.4927632071094,1.0
13982,127,6370,499.17071866113275,1.0
13982,101,5100,572.585276040703,1.0
13979,69,3455,1015.1960208552538,1.0
13977,75,3756,323.3342109242187,1.0
13977,57,2882,931.4344320113671,1.0
13977,31,1561,829.8186053812499,1.0
13963,84,4211,1426.1580863078125,1.0
13963,6,313,963.0026941963866,1.0
13960,16,847,853.7601033952147,1.0
13960,16,822,1171.5016003231444,1.0
13956,27,1389,324.00972160867184,1.0
13956,2,104,792.060634279414,1.0
13950,235,11799,1196.8489861122653,1.0
13950,191,9600,1241.3576743889062,1.0
13950,184,9202,794.4126132498437,1.0
13945,268,13447,1292.4040929113085,1.0
13940,123,6173,1347.8557086781248,1.0
13940,106,5335,1078.616565572734,1.0
13940,30,1503,1282.5562157386325,1.0
13940,28,1439,1589.9095749413282,1.0
13940,24,1213,1276.6461056387107,1.0
13935,164,8216,799.6155831182031,1.0
13928,99,4977,914.4248666720799,1.0
13928,35,1799,837.2982066926171,1.0
13928,22,1133,1811.6799897568162,1.0
13923,190,9526,424.1143011965429,1.0
13923,178,8948,734.6816897292382,1.0
13923,161,8070,480.42328511113277,1.0
13923,90,4513,2044.0902796653122,1.0
13911,77,3884,945.7005215278905,1.0
13902,56,2844,1110.1708935615234,1.0
13896,45,2277,328.28150401355464,1.0
13874,48,2420,919.3638462399218,1.0
13874,6,344,1228.4600073146485,1.0
13865,274,13739,1154.090087558281,1.0
13865,115,5774,1534.3356053133984,1.0
13865,53,2682,849.0721500740624,1.0
13861,75,3780,718.7128024366406,1.0
13861,36,1825,411.06740988117184,1.0
13812,40,2024,641.5929086370312,1.0
13809,179,8957,1021.8974327676952,1.0
13809,153,7700,989.598280680703,1.0
13807,120,6036,922.3134110114843,1.0
13802,14,746,768.4381267085937,1.0
13799,51,2595,311.69723428601554,1.0
13799,24,1227,1818.4151631902146,1.0
13799,12,640,868.8239969874999,1.0
13794,244,12216,617.0224523168358,1.0
13794,64,3240,947.3981489370311,1.0
13791,151,7600,1344.5141471822267,1.0
13791,151,7572,1120.7639949925779,1.0
13791,131,6558,1322.8476110299412,1.0
13791,112,5636,683.8210566905858,1.0
13791,101,5074,1335.394973175742,1.0
13791,101,5054,407.43964815681636,1.0
13789,253,12682,840.530275534492,1.0
13789,155,7767,476.58320587707027,1.0
13776,26,1309,1970.1183978508202,1.0
13776,26,1308,898.5901874277733,1.0
13774,107,5398,919.3883683142773,1.0
13774,45,2295,1795.4350161811326,1.0
13765,148,7439,790.8634998410546,1.0
13765,8,424,365.1339135227734,1.0
13763,105,5276,316.80811962650387,1.0
13762,203,10183,989.9627481091601,1.0
13762,59,2979,302.10745529865227,1.0
13745,128,6431,580.157867213418,1.0
13745,128,6411,508.70756390281247,1.0
13742,22,1102,1163.603826938789,1.0
13738,18,919,1489.001025245254,1.0
13737,68,3442,1074.3129752624218,1.0
13737,10,535,314.1369168242187,1.0
13736,196,9818,923.6196865728515,1.0
13736,64,3249,360.0842917437109,1.0
13732,47,2370,328.90779472617186,1.0
13732,22,1104,779.0386420767577,1.0
13732,15,793,780.4886070015624,1.0
13731,18,906,1335.0896761428903,1.0
13728,157,7880,595.218245128828,1.0
13728,156,7817,586.8305507169531,1.0
13728,137,6861,300.75179621185544,1.0
13728,127,6351,766.7429433504686,1.0
13725,79,3997,939.4675450496874,1.0
13725,79,3988,905.1890001440624,1.0
13715,90,4527,589.6608756613281,1.0
13714,158,7929,989.4369500235155,1.0
13714,71,3556,718.7460834951952,1.0
13712,162,8135,1068.7629631361328,1.0
13712,31,1558,494.2315921302734,1.0
13709,91,4563,747.9552318265623,1.0
13707,16,810,325.08547929880854,1.0
13705,214,10726,693.578647268164,1.0
13702,215,10779,1740.3241967662889,1.0
