7765,80,4014,1922.167051783535,1.0
7744,35,1758,662.691790381875,1.0
7744,35,1757,1028.5592159714843,1.0
7740,46,2324,1210.5086447223825,1.0
7724,6,341,1087.500419361992,1.0
7713,10,522,896.7343605801561,1.0
7694,108,5419,769.5107152069139,1.0
7675,49,2500,1018.9915624273436,1.0
7668,87,4399,434.7768493498437,1.0
7668,84,4210,940.277126830078,1.0
7653,14,706,535.2866885321483,1.0
7644,113,5690,1683.5021119948437,1.0
7634,123,6161,592.2386007841405,1.0
7529,135,6796,525.6799504860155,1.0
7522,11,560,559.0142937038671,1.0
7517,0,12,469.1612606947656,1.0
7507,155,7781,988.7105415072265,1.0
7504,14,711,973.4124404398436,1.0
7498,2,141,408.31657121830074,1.0
7487,204,10228,413.69851734542965,1.0
7486,33,1667,689.6255507115038,1.0
7480,23,1199,1665.5846032952927,1.0
7474,105,5293,415.3542976737109,1.0
7466,215,10790,1242.7142632346872,1.0
7444,15,751,922.5276131114452,1.0
7442,63,3181,486.0499610869726,1.0
7432,10,540,756.6792518703514,1.0
7414,36,1810,1391.1928540594922,1.0
7398,62,3124,986.6687833543162,1.0
7390,51,2579,1036.7079181810545,1.0
7378,164,8209,307.0561335281249,1.0
7360,91,4556,245.0326743415429,1.0
7349,48,2402,874.9408752643749,1.0
7328,14,723,1263.6873630546092,1.0
7327,63,3187,1459.2487872791407,1.0
7315,14,721,774.1433260759374,1.0
7314,0,3,1585.2433820702345,1.0
7310,0,26,1551.7633744902341,1.0
7307,4,239,846.4480751574608,1.0
7302,136,6826,671.9224425591796,1.0
7295,116,5819,1095.4892299049216,1.0
7295,19,960,871.2566284281639,1.0
7166,40,2001,821.211018078164,1.0
7145,55,2753,1425.263879915,1.0
7145,36,1806,629.8695254515429,1.0
7139,65,3253,869.1752993717187,1.0
7134,67,3388,368.57444769175777,1.0
7134,66,3308,1217.697140810039,1.0
7131,6,345,740.8204037774608,1.0
7127,24,1232,378.54962782042963,1.0
7127,21,1055,643.0490856110546,1.0
7108,58,2901,1032.8971994160934,1.0
7108,38,1902,531.7726685187889,1.0
7107,72,3638,910.0554344860155,1.0
7107,26,1314,744.1282554855858,1.0
7105,4,243,474.84169895425777,1.0
7058,40,2040,700.0072496359765,1.0
7055,843,42198,626.3320507215624,1.0
7055,808,40446,1124.312977343906,1.0
7055,808,40442,532.5507258341014,1.0
7055,808,40432,765.7386841342382,1.0
7055,797,39887,670.9682197615037,1.0
7055,792,39605,1134.3810615536718,1.0
7055,790,39547,562.5697858735937,1.0
7055,790,39545,996.0128264855467,1.0
7055,790,39503,507.25944574943355,1.0
7055,727,36384,789.7620744441796,1.0
7055,709,35499,1291.300791768906,1.0
7055,709,35467,1129.2768440328123,1.0
7055,693,34674,597.8825210548437,1.0
7055,693,34673,1386.1748238238279,1.0
7055,693,34656,644.4594444890819,1.0
7055,693,34655,433.7064884338281,1.0
7055,669,33499,1333.8585229287892,1.0
7055,669,33468,1096.3654998945703,1.0
7055,654,32716,1200.1072389901951,1.0
7055,654,32712,931.1305237430468,1.0
7055,560,28035,738.8023470928905,1.0
7055,555,27793,1023.211741320996,1.0
7055,518,25901,1587.7204817578122,1.0
7055,510,25537,1146.943415420781,1.0
7055,497,24877,614.1008914867576,1.0
7055,459,22985,405.79249515929683,1.0
7055,459,22954,1143.6389121630468,1.0
7055,430,21543,585.659888387578,1.0
7055,430,21535,1302.3812023701562,1.0
7055,430,21534,766.0520165707713,1.0
7055,328,16447,1242.227797406074,1.0
7055,328,16432,618.6761972601561,1.0
7055,328,16430,334.8751992450586,1.0
7055,325,16292,479.1130843890527,1.0
7055,325,16267,855.3124880261327,1.0
7055,235,11797,1406.4172723585934,1.0
7055,235,11779,1116.123698102168,1.0
7055,130,6541,561.8299103844921,1.0
7055,130,6525,502.9567531137695,1.0
7055,103,5187,288.71829918519524,1.0
7055,103,5181,953.6479057966405,1.0
7055,93,4683,888.192740773789,1.0
7055,42,2130,1129.4050267652342,1.0
7055,42,2126,1102.5152068528905,1.0
7055,42,2122,1273.5497870987497,1.0
7055,42,2115,691.0300328966796,1.0
7055,42,2109,474.7697553449609,1.0
7055,40,2024,473.7016740861718,1.0
7055,40,2022,1002.9454221340624,1.0
7054,2009,100459,1436.5450935159765,1.0
7054,2009,100452,454.8373304319726,1.0
7054,1995,99794,2057.0660035064448,1.0
7054,1913,95670,781.6604901158788,1.0
7054,1913,95661,531.9223907902929,1.0
7054,1885,94258,700.3706814890038,1.0
7054,1858,92909,1186.3093979428513,1.0
7054,1835,91787,912.247022048203,1.0
7054,1835,91777,1148.004209137539,1.0
7054,1830,91512,692.7933029096483,1.0
7054,1830,91503,652.6810073327929,1.0
7054,1812,90626,238.80392703787103,1.0
7054,1785,89274,678.1998772718358,1.0
7054,1785,89252,1311.3560451222656,1.0
7054,1771,88600,1415.7814403817965,1.0
7054,1771,88599,1681.6854440403904,1.0
7054,1771,88593,1128.4896729418747,1.0
7054,1771,88568,595.0472095845116,1.0
7054,1727,86390,1326.9858330700781,1.0
7054,1727,86373,992.4648321856249,1.0
7054,1727,86357,924.7551463915233,1.0
7054,1719,85968,914.4176618528124,1.0
7054,1719,85951,391.06128473980465,1.0
7054,1675,83786,1397.7444099970116,1.0
7054,1675,83775,510.6805072689062,1.0
7054,1675,83766,470.54361948097653,1.0
7054,1670,83510,390.43786932869136,1.0
7054,1662,83130,832.339163488203,1.0
7054,1621,81086,689.7731287741796,1.0
7054,1619,80996,1013.6752936570507,1.0
7054,1619,80979,1410.2635471518552,1.0
7054,1619,80977,860.6392387320898,1.0
7054,1520,76049,960.7259633984374,1.0
7054,1520,76008,708.9982651747459,1.0
7054,1508,75448,1302.3378806716405,1.0
7054,1508,75438,1269.7375214418748,1.0
7054,1497,74865,1218.4068329727147,1.0
7054,1454,72738,1017.7829769990819,1.0
7054,1454,72722,1211.7155402429294,1.0
7054,1427,71351,1478.7324669057812,1.0
7054,1424,71244,1386.5149830174219,1.0
7054,1424,71207,700.517842866953,1.0
7054,1374,68727,916.9372621795702,1.0
7054,1364,68217,600.231789234453,1.0
7054,1332,66632,363.0754853418945,1.0
7054,1272,63601,913.7009962755468,1.0
7054,1261,63075,379.3521850099609,1.0
7054,1239,61986,527.4902199523045,1.0
7054,1239,61983,637.2451862969921,1.0
7054,1239,61957,406.19198617824213,1.0
7054,1232,61640,776.1704562480468,1.0
7054,1193,59697,1903.00906142125,1.0
7054,1193,59684,1258.707053351211,1.0
7054,1193,59672,1203.4719183833595,1.0
7054,1171,58569,1481.8490499222653,1.0
7054,1161,58100,636.3344574293553,1.0
7054,1161,58090,933.8921526454686,1.0
7054,1161,58055,420.24079243443356,1.0
7054,1142,57137,724.8205964465234,1.0
7054,1049,52463,1236.5047462537304,1.0
7054,1030,51549,566.1373248747265,1.0
7054,1018,50917,420.39705901355467,1.0
7054,1006,50319,918.6371789270506,1.0
7054,970,48537,636.2380115003906,1.0
7054,970,48509,465.2054544620703,1.0
7054,960,48027,730.7017022924998,1.0
7054,956,47815,1002.9727772033592,1.0
7054,902,45127,377.29343135613277,1.0
7054,871,43569,701.2795296653514,1.0
7054,871,43565,392.41361616999995,1.0
7054,871,43563,710.7767741103905,1.0
7054,867,43379,949.5062162966796,1.0
7054,855,42781,572.5970197348046,1.0
7054,832,41601,1044.6951156883788,1.0
7054,800,40013,614.3226584913476,1.0
7054,766,38337,1030.4697989004685,1.0
7054,705,35259,620.6036517718359,1.0
7054,691,34594,945.0734334591406,1.0
7054,691,34567,437.8764318883593,1.0
7054,688,34407,1132.6308311408593,1.0
7054,561,28094,392.9969198276562,1.0
7054,561,28079,884.4125852949999,1.0
7054,559,27970,822.3830485440624,1.0
7054,559,27954,514.8982004878515,1.0
7054,514,25721,385.6069666100585,1.0
7054,498,24922,1323.6657500375,1.4137773972722094
7054,496,24831,688.8697814374218,1.0
7054,455,22760,1262.9754211916993,1.0
7054,455,22755,1626.033401759375,1.0
7054,447,22392,648.5053962555859,1.0
7054,423,21161,434.50031256238276,1.0
7054,379,18973,1355.0628099811524,1.0
7054,340,17026,1034.5422003288281,1.0
7054,340,17016,1299.0290588058006,1.0
7054,331,16576,602.7544477483202,1.0
7054,331,16555,395.45611270193353,1.0
7054,324,16246,342.58283315354487,1.0
7054,324,16235,808.3814129122069,1.0
7054,324,16231,433.61772397960937,1.0
7054,324,16216,799.2116569724218,1.0
7054,324,16203,1527.4217917277342,1.0
7054,319,15998,477.78566407559566,1.0
7054,319,15989,664.6677342393749,1.6267467388447494
7054,262,13110,1344.435606955,1.0
7054,254,12737,1154.8942308193164,1.0
7054,254,12733,1090.735491378086,1.0
7054,254,12711,918.0918371101171,1.0
7054,172,8641,880.7530942951171,1.0
7054,172,8637,750.9222959897655,1.0
7054,171,8594,501.33512801792966,1.0
7054,140,7050,911.1648188486718,1.0
7054,107,5389,471.5039041713281,1.0
7054,107,5354,803.4018393311327,1.0
7054,77,3878,602.4800589437694,1.0
7053,36,1840,662.8156731159374,1.0
7053,36,1803,796.1938595407811,1.0
7053,17,858,1192.330902895586,1.0
7051,96,4809,372.26557385335934,1.0
7051,56,2829,407.59885744185544,1.0
7051,52,2640,457.1905157369531,1.0
7051,48,2411,726.9303842125389,1.0
7051,1,95,1322.1535806374218,1.0
7051,1,69,1428.6430790511522,1.0
7051,1,66,1426.0848878055467,1.0
7051,0,21,1548.6387807914844,1.0
7051,0,2,696.4477439063866,1.0
7049,2026,101304,429.59549487140623,1.0
7049,1991,99579,920.7433609274218,1.0
7049,1985,99296,665.1088923993358,1.0
7049,1952,97633,641.5479048261717,1.0
7049,1910,95537,438.62797570292963,1.0
7049,1899,94991,280.4046614116015,1.0
7049,1899,94979,424.6295000111328,1.0
7049,1899,94961,725.8603299027733,1.0
7049,1851,92593,750.0885272398241,1.0
7049,1847,92389,433.9712473001953,1.0
7049,1847,92358,914.3135056565624,1.0
7049,1847,92353,491.87035984285154,1.0
7049,1817,90880,1487.115464688125,1.0
7049,1814,90735,733.1002356801366,1.0
7049,1785,89288,625.3433417303905,1.0
7049,1785,89270,915.3411206767968,1.0
7049,1785,89253,601.3817049757812,1.0
7049,1760,88030,1082.33599475666,1.0
7049,1747,87374,550.2180798594921,1.0
7049,1655,82800,608.8477712006248,1.0
7049,1568,78416,590.9114781725975,1.0
7049,1561,78091,543.2219631069335,1.0
7049,1521,76059,747.5178547120312,1.0
7049,1479,73979,1018.60191134625,1.0
7049,1468,73404,931.7279442661131,1.0
7049,1457,72883,1623.337387501289,1.0
7049,1457,72874,676.7485027458592,1.0
7049,1370,68533,979.7639059748632,1.0
7049,1370,68530,535.2804184995897,1.0
7049,1370,68526,329.7332829690234,1.0
7049,1353,67698,822.0605572794531,1.0
7049,1333,66685,343.96978124761716,1.0
7049,1333,66676,796.2540917208593,1.0
7049,1312,65643,659.9040570470312,1.0
7049,1240,62011,900.9650981744335,1.0
7049,1227,61374,578.4496253644921,1.0
7049,1185,59291,552.144412409453,1.0
7049,1149,57493,352.2624702189452,1.0
7049,1149,57469,1468.4357255661716,1.0
7049,1149,57455,870.4515195765624,1.0
7049,1120,56006,1402.9157851010154,1.0
7049,1052,52650,809.885975399492,1.0
7049,1052,52633,924.9894800398437,1.0
7049,1052,52626,390.2261113184765,1.0
7049,1037,51857,617.2040748478124,1.0
7049,1028,51421,759.9287339917577,1.0
7049,983,49175,726.6114949079491,1.0
7049,965,48267,1441.1779209558008,1.0
7049,957,47870,1094.9693604567965,1.0
7049,953,47679,1222.3033793666405,1.0
7049,953,47670,409.97643235298824,1.0
7049,900,45007,635.892930980039,1.0
7049,827,41378,951.2128215628906,1.0
7049,804,40229,572.2012043681444,1.0
7049,804,40219,359.39377887919915,1.0
7049,766,38312,744.6532587643359,1.0
7049,766,38307,1650.2085486321876,1.0
7049,766,38301,858.23925871,1.0
7049,750,37546,807.8744101576561,1.0
7049,747,37385,854.2332283880468,1.0
7049,733,36694,969.6354245923436,1.0
7049,704,35244,1143.012231311367,1.0
7049,704,35236,552.7769017559764,1.0
7049,704,35212,1040.2911469838668,1.0
7049,695,34798,509.80455428847654,1.0
7049,695,34770,805.8038454649218,1.0
7049,674,33747,1228.8828988205469,1.0
7049,665,33294,1065.503462880703,1.0
7049,665,33259,383.90110724826167,1.0
7049,657,32889,341.4395424620703,1.0
7049,657,32880,709.65303280291,1.0
7049,638,31938,1203.0196001592185,1.0
7049,638,31923,1052.9016796587498,1.0
7049,613,30675,509.731173923789,1.1419658275672129
7049,609,30461,765.8546264604687,1.0
7049,570,28539,949.4109891026952,1.0
7049,570,28518,782.7656449864843,1.0
7049,517,25896,509.5653156532031,1.0
7049,517,25895,1121.0083424121094,1.0
7049,517,25872,1708.8077484027735,1.0
7049,512,25634,1377.095951647539,1.0
7049,512,25632,215.61459875857415,1.0
7049,487,24366,626.9444270383885,1.0
7049,446,22347,453.2248321546875,1.0
7049,446,22326,903.8520268464061,1.0
7049,446,22312,636.4338962008593,1.0
7049,438,21915,842.3369594468359,1.0
7049,421,21052,749.2870752283397,1.0
7049,382,19139,936.4532272583202,1.0
7049,338,16939,1492.805789489531,1.0
7049,325,16275,1481.249116548086,1.0
7049,320,16039,334.1586830292187,1.0
7049,292,14614,801.5661091095507,1.0
7049,292,14609,1023.9802560518553,1.0
7049,292,14606,301.8636800105078,1.0
7049,292,14605,1088.5472206078903,1.0
7049,272,13631,1030.465772866367,1.0
7049,272,13615,998.0318172986522,1.0
7049,272,13605,951.3917771224218,1.0
7049,256,12832,1423.2596379151169,1.0
7049,256,12823,1012.845587353203,1.0
7049,224,11244,1216.5858403282032,1.0
7049,224,11225,496.14915683298824,1.0
7049,141,7073,536.9258061371092,1.0
7049,141,7051,532.1241575284374,1.0
7049,128,6430,602.0201240614061,1.0
7049,124,6250,851.6339255185546,1.0
7049,124,6233,856.1905014398046,1.0
7049,70,3531,573.8849667469921,1.0
7049,35,1789,562.2021102496093,1.0
7049,35,1787,692.8476963883593,1.0
7049,35,1776,1125.8804259174217,1.0
7049,5,293,1139.2090297855857,1.0
7049,5,264,823.3160172991796,1.0
7048,195,9762,1082.450783955781,1.0
7048,193,9693,1173.3031851587793,1.462099750527771
7048,193,9681,1385.8766129882029,1.0
7048,178,8914,1044.5853999341211,1.0
7048,151,7576,879.697386090078,1.0
7048,148,7443,405.6464577126757,1.0
7048,148,7433,1340.0464701614842,1.0
7048,136,6836,815.6809961309374,1.0
7048,134,6729,743.6305919336327,1.0
7048,122,6141,1185.4834608161718,1.0
7048,122,6116,714.1271767067577,1.0
7048,67,3396,941.1071652084374,1.0
7048,67,3378,847.5185916008593,1.0
7048,25,1290,901.3435075188476,1.0
7048,19,956,1034.800340048203,1.0
7047,123,6179,399.21464519624993,1.0
7047,116,5836,644.2592519756639,1.0
7047,116,5818,360.90658630171873,1.0
7047,99,4987,636.2234200279687,1.0
7047,24,1243,274.71992444380857,1.0
7047,24,1236,1129.2335104007811,1.0
7047,24,1221,674.9368389980467,1.0
7047,24,1203,469.8692198168164,1.0
7047,16,805,331.42434340843744,1.0
7046,120,6029,874.9602873624901,1.0
7046,106,5327,786.6995098911523,1.0
7046,106,5316,1216.0768386857812,1.0
7046,75,3799,744.516657541992,1.0
7046,75,3793,1594.4828630702732,1.0
7046,75,3779,743.4459118282616,1.0
7046,75,3769,802.250708570371,1.0
7046,75,3766,953.9273692997655,1.0
7046,75,3753,239.46697761121087,1.0
7046,45,2260,838.8280256986718,1.0
7046,45,2255,900.8946307787498,1.0
7026,820,41033,1907.1676570199998,1.0
7026,820,41007,693.7998235278417,1.0
7026,793,39699,834.9151341274609,1.0
7026,775,38791,893.0124985860546,1.0
7026,753,37662,379.6140298799609,1.0
7026,753,37653,783.8071159210546,1.0
7026,743,37162,1327.3501289341407,1.0
7026,743,37161,1509.5547961398438,1.0
7026,740,37037,1119.0525739668747,1.0
7026,740,37019,634.2232105210741,1.0
7026,740,37018,1390.5771069286716,1.0
7026,740,37011,1387.3235771079685,1.0
7026,716,35807,1105.7645997782029,1.0
7026,693,34694,319.0786030373046,1.0
7026,656,32841,767.0021632833593,1.0
7026,656,32830,801.8390221285546,1.0
7026,636,31809,1002.7411559648045,1.0
7026,628,31431,280.11973270400387,1.0
7026,628,31416,467.85579274851557,1.0
7026,628,31405,593.2289348202734,1.0
7026,626,31314,1113.1265347368358,1.0
7026,626,31312,636.2295015872264,1.0
7026,626,31301,599.9312251843359,1.0
7026,623,31162,944.3137004108202,1.0
7026,609,30476,398.73611119048826,1.0
7026,609,30472,1115.8012122299997,1.0
7026,566,28339,374.44851819369137,1.0
7026,566,28315,969.4217709616015,1.0
7026,546,27334,505.1246432883789,1.0
7026,546,27311,656.1202771012108,1.0
7026,506,25308,706.0601568992578,1.0
7026,490,24516,1309.0243466947263,1.0
7026,473,23696,454.70611381242185,1.0
7026,473,23692,555.2792311102147,1.0
7026,440,22047,416.43450265816404,1.0
7026,440,22018,586.7031438808007,1.0
7026,416,20803,545.332919333203,1.0
7026,380,19047,728.0343000657616,1.0
7026,380,19036,679.1756031520312,1.0
7026,380,19001,644.0389906167967,1.0
7026,323,16151,290.48297383492184,1.0
7026,312,15623,395.17034582781247,1.0
7026,312,15621,575.1339022091796,1.0
7026,312,15618,974.2769672799803,1.0
7026,299,14993,729.4754504268749,1.0
7026,274,13748,491.7913114130078,1.0
7026,274,13715,511.7251786698046,1.0
7026,274,13709,1104.207014323203,1.0
7026,248,12433,768.1737978453124,1.0
7026,248,12428,902.9158081299998,1.0
7026,244,12245,1501.981437684863,0.7135260933043173
7026,244,12221,1198.0280925481638,1.0
7026,221,11096,1157.5422552885543,1.0
7026,204,10246,462.5915189357812,1.0
7026,204,10228,563.0975652899218,1.0
7026,204,10205,1267.8767820044923,1.0
7026,199,9970,913.7414385032812,1.0
7026,184,9244,365.07151905417965,1.0
7026,184,9233,694.3322881345312,1.0
7026,173,8695,836.9561834620312,1.0
7026,173,8666,1054.2684158345896,1.0
7026,173,8651,1067.5757811168746,1.0
7026,166,8337,973.9457482467577,1.0
7026,100,5041,1131.0024605746094,1.0
7026,100,5004,1117.606788512578,1.0
7026,90,4504,341.1133524866796,1.0
7026,77,3862,605.1711138251561,1.0
7026,75,3787,820.8998267634373,1.0
7026,75,3751,1128.7423746288086,1.0
7026,45,2261,734.4054186933007,1.0
7026,23,1165,820.0969984660936,1.0
7026,11,581,343.0763401144531,1.0
7026,11,579,845.1078786085936,1.0
7026,11,572,1414.8397234059375,1.0
7025,550,27512,981.1152065448437,1.0
7025,531,26600,608.3157307542186,1.0
7025,531,26590,793.8159365114062,1.0
7025,493,24691,477.63004727269526,1.0
7025,493,24659,843.0797892204686,1.0
7025,464,23218,944.7358890868749,1.0
7025,442,22144,1034.227879920957,1.0
7025,418,20918,1188.2183073796482,1.0
7025,386,19313,403.26423020730465,1.0
7025,386,19312,478.32198189343745,1.0
7025,384,19203,785.9947048667967,1.0
7025,376,18804,998.1979852938671,1.0
7025,366,18330,609.5824589186717,1.0
7025,352,17649,844.6411662459765,1.0
7025,352,17633,776.8825069308105,1.0
7025,352,17628,323.2740189150781,1.0
7025,337,16885,1011.1935941832421,1.0
7025,320,16005,1217.5683168218748,1.0
7025,297,14895,1314.3169711965625,1.0
7025,297,14884,1287.5696626815234,1.0
7025,297,14870,978.3252597874217,1.0
7025,297,14864,964.6820584468359,1.0
7025,297,14863,1001.6694487420311,1.0
7025,278,13950,1064.084312688086,1.0
7025,168,8437,486.1197941562109,1.0
7025,168,8416,722.2713651354101,1.0
7025,132,6611,901.2315962030468,1.0
7025,132,6606,442.7913698084375,1.0
7025,77,3867,513.1174388491015,1.0
7025,77,3854,1590.009592775586,1.0
7025,55,2798,508.4883453735937,1.0
7025,55,2773,1081.4529932978903,1.0
7025,17,874,481.122307895371,1.0
7025,7,370,516.3785629332812,1.0
7025,7,355,1121.4227669935935,1.0
7025,2,111,986.1829192476952,1.0
7023,1925,96252,908.1402416212499,1.0
7023,1866,93337,547.604807229414,1.0
7023,1814,90721,437.9764621548437,1.0
7023,1796,89844,1065.1127460446482,1.0
7023,1764,88205,506.097890832539,1.0
7023,1744,87243,491.2070617597265,1.0
7023,1731,86573,661.2789458202147,1.0
7023,1640,82036,267.83888395843746,1.0
7023,1634,81734,1882.3504501621483,1.0
7023,1633,81698,940.7388131428124,1.0
7023,1633,81689,880.6414696848827,1.1340351535773165
7023,1633,81673,1314.2657724524215,1.0
7023,1633,81672,701.8457606437108,1.0
7023,1633,81665,754.2694641444921,1.0
7023,1500,75039,471.01213531375,1.0
7023,1491,74558,597.1657413991014,1.0
7023,1481,74078,597.8392376461912,1.0
7023,1481,74069,371.54388716437495,1.0
7023,1481,74062,850.72925403291,1.0
7023,1449,72472,496.5849656304101,1.0
7023,1438,71909,415.89741606294916,1.0
7023,1438,71907,353.11554480255853,1.0
7023,1438,71905,486.62345287800775,1.0
7023,1356,67842,395.521533403789,1.0
7023,1330,66514,552.9063927726562,1.0
7023,1256,62839,1125.626185374531,1.0
7023,1256,62837,546.6298923462108,1.0
7023,1252,62613,444.75089739749995,1.0
7023,1242,62150,765.9279641657812,1.0
7023,1242,62123,825.9218934211523,1.0
7023,1229,61498,293.61415432292966,0.946727315656021
7023,1229,61488,648.9653466461717,1.0
7023,1207,60393,849.1270301751952,1.0
7023,1193,59687,1025.994063586992,1.0
7023,1193,59681,827.054768886914,1.0
7023,1193,59662,713.473355816289,1.0
7023,1182,59102,1103.9987526412106,1.0
7023,1153,57695,784.5728676689453,1.0
7023,1153,57656,1049.834861065859,1.0
7023,1152,57644,1165.7854522466992,1.0
7023,1152,57631,1059.399424626953,1.0
7023,1106,55309,355.54373623146483,1.0
7023,1098,54944,1535.262690542656,1.0
7023,1098,54926,631.5616018348046,1.0
7023,1087,54381,1369.4801562811326,1.0
7023,1087,54373,1574.9727597528904,1.0
7023,1062,53138,845.996509138037,1.0
7023,1050,52532,305.572620275664,1.0
7023,1004,50212,1233.399678991328,1.0
7023,1000,50037,1029.5193809577731,1.0
7023,1000,50018,1584.2730936664257,1.0
7023,992,49631,720.8074349265233,1.0
7023,992,49626,503.3560769894726,1.0
7023,992,49601,1182.179588506875,1.0
7023,899,44953,1249.566209448828,1.0
7023,897,44898,1176.3067663553516,1.0
7023,897,44861,1124.6155383432028,0.8302082726688977
7023,896,44816,730.1547805943749,1.0
7023,889,44478,389.90385229214843,1.0
7023,889,44476,683.7747731197069,1.0
7023,808,40425,599.5630841507812,1.0
7023,801,40079,316.69659207789056,1.0
7023,715,35789,539.336529947871,1.0
7023,695,34790,916.4442688199217,1.0
7023,695,34768,1278.892883767578,1.0
7023,667,33392,851.2248509741601,1.0
7023,635,31798,397.8009526567578,1.0
7023,629,31458,743.7518623258202,1.0
7023,597,29895,684.400785540664,1.0
7023,597,29890,759.9018220567967,1.0
7023,595,29786,1333.6893186517968,1.0
7023,552,27614,832.5190686818358,1.0
7023,519,25958,802.583298880625,1.0
7023,480,24001,504.40620980699214,1.0
7023,475,23758,666.2503648354686,1.0
7023,442,22144,654.3957001884667,1.0
7023,442,22137,419.97767068609375,1.0
7023,437,21874,964.2383275873436,1.0
7023,437,21864,817.4236184195702,1.0
7023,437,21861,973.2902382107421,1.0
7023,403,20164,502.61813565972653,1.0
7023,354,17746,1844.6967899479687,1.0
7023,354,17725,469.1073334292773,1.0
7023,346,17312,451.67242572968746,1.0
7023,308,15448,991.2985897773436,1.0
7023,308,15443,552.9517653330468,1.0
7023,308,15413,864.6666083446873,1.0
7023,287,14353,558.6829589002733,1.0
7023,285,14294,1707.4912243434374,1.0
7023,275,13789,896.8510294903515,1.0
7023,275,13784,886.3202722095702,1.0
7023,232,11605,961.0050849574218,1.0
7023,227,11363,278.1945012754882,1.0
7023,181,9073,1154.9896633133203,1.0
7023,181,9057,689.07034528416,1.0
7023,179,8996,1156.486444031953,1.0
7023,179,8979,744.4458268360155,1.0
7023,170,8519,1012.3076633382616,1.0
7023,152,7633,821.0410972290624,1.0
7023,69,3491,795.9252612018358,1.0
7023,69,3478,863.0941197871874,1.0
7023,57,2851,1000.1579174826367,1.0
7023,48,2449,224.65770095326164,1.0
7023,48,2404,785.9782024512108,1.0
7023,48,2401,1133.9467899981055,1.0
7022,272,13645,469.5348761078515,1.0
7022,213,10692,1059.181206052324,1.0
7022,209,10487,772.7395289928905,1.0
7022,209,10457,603.7069838761718,1.0
7022,204,10228,1231.1711919118748,1.0
7022,183,9161,370.2462569498437,1.0
7022,119,5968,774.7420703861718,1.0
7022,100,5024,974.222462461289,1.0
7022,32,1646,778.447656118203,1.0
7022,32,1627,1719.5244290908786,1.0
7022,32,1619,446.13797585482416,1.0
7022,31,1577,752.2859025648827,1.0
7022,24,1212,1367.9863801838087,1.0
7022,1,51,1329.3633564704687,1.0
7021,816,40828,567.6621223795311,1.0
7021,813,40695,614.0752091066405,1.0
7021,813,40687,248.4826823881054,1.0
7021,813,40660,1271.1660432840426,1.0
7021,808,40449,892.2712694828905,1.0
7021,808,40403,707.0840914757031,1.0
7021,793,39686,1448.6188305155465,1.0
7021,793,39680,281.20340994185545,1.0
7021,793,39669,787.1560024919139,1.0
7021,793,39665,850.7039526982226,1.0
7021,760,38046,701.1568697133984,1.0
7021,731,36567,868.5408985077734,1.0
7021,708,35411,549.1942592073045,1.0
7021,678,33946,542.7914399409374,1.0
7021,678,33921,625.770811895039,1.0
7021,667,33386,1105.6482231087107,1.0
7021,650,32511,1265.190457005996,1.0
7021,650,32504,1019.8270171661327,1.0
7021,610,30550,339.8237610458593,1.0
7021,597,29872,462.5304968042773,1.0
7021,555,27799,587.9928475929686,1.0
7021,555,27751,925.7969858658593,1.0
7021,553,27698,1468.9487167678126,1.0
7021,553,27663,1380.4559438989259,1.0
7021,493,24670,307.1341341012304,1.0
7021,493,24664,1276.3379816847655,1.0
7021,493,24658,373.996694595332,1.0
7021,479,23951,1162.8450494555468,1.0
7021,469,23500,928.9775046942186,1.0
7021,451,22565,1304.9445033685547,1.0
7021,419,20980,1929.6413572055858,1.0
7021,400,20034,1092.9844727144337,1.0
7021,391,19575,716.9443407442773,1.0
7021,391,19571,979.4139323451757,1.0
7021,391,19554,485.57841300718746,1.0
7021,371,18568,1029.4552083823828,1.0
7021,371,18560,470.0327930641015,1.0
7021,371,18551,480.1431437780859,1.0
7021,357,17898,1122.8227337226563,1.0
7021,357,17894,256.38877034597647,1.0
7021,357,17885,1052.8538086716403,1.0
7021,357,17878,1382.1684707312497,1.0
7021,357,17856,748.4104334656249,1.0
7021,300,15045,933.3135821260155,1.0
7021,300,15032,478.8716096662109,1.0
7021,296,14832,1376.2138455875584,1.0
7021,287,14378,1039.7911140019528,1.0
7021,287,14353,1165.2486185930466,1.0
7021,258,12924,664.0497472498437,1.0
7021,249,12459,631.5602230530859,1.0
7021,222,11141,1438.3341916116406,1.0
7021,222,11104,1195.7825412000388,1.0
7021,202,10113,667.1377814692772,1.0
7021,179,8961,360.6340564152441,1.0
7021,154,7713,1009.2568579142577,1.0
7021,150,7539,538.2473451627733,1.0
7021,150,7523,943.369939411328,1.0
7021,132,6644,1067.3765598705759,1.0
7021,113,5669,1042.1096449323436,1.0
7021,113,5656,805.0019437386327,1.1565955674897106
7021,95,4780,1263.7830176720313,1.0
7021,95,4755,446.1814134938672,1.0
7021,91,4596,1245.1183962910154,1.0
7021,82,4130,964.7011395349999,1.0
7021,82,4102,1432.260863575039,1.0
7021,75,3799,1197.557528326875,1.0
7021,75,3784,846.7007561570507,1.0
7021,38,1930,575.6164785115233,1.0
7021,33,1692,450.2028696332031,1.0
7021,33,1668,875.2088653032616,1.0
7020,1920,96049,1174.1989148192188,1.0
7020,1920,96041,1371.9205172535935,1.0
7020,1920,96030,1060.016222086797,1.0
7020,1900,95015,440.21610488511715,1.0
7020,1900,95014,1162.3399498116992,1.0
7020,1897,94897,1042.9882255618063,1.0
7020,1868,93445,1415.9671716256248,1.0
7020,1868,93435,852.7067853755273,1.0
7020,1819,90976,926.9323495543749,1.0
7020,1811,90555,818.5330199267381,1.0
7020,1765,88298,720.6547368935936,1.0
7020,1765,88279,1193.7507412654686,1.0
7020,1765,88264,489.5342803463476,1.0
7020,1765,88257,1164.762619225,1.0
7020,1693,84667,745.6474128239062,1.0
7020,1637,81873,373.45599999027337,1.0
7020,1637,81872,641.0425773199804,1.0
7020,1627,81375,1581.9962738491404,1.0
7020,1615,80799,1727.1528751611718,1.0
7020,1606,80341,561.9698126505858,1.0
7020,1603,80198,549.1851622212499,1.0
7020,1596,79829,664.2200557791406,1.0
7020,1573,78698,443.7245733784961,1.0
7020,1573,78652,723.4552605739061,1.0
7020,1564,78243,801.3502989089061,1.0
7020,1564,78218,794.1767802299609,1.0
7020,1511,75551,1950.0526657641017,1.0
7020,1503,75186,1010.9800759178124,1.0
7020,1385,69291,914.7650729849217,1.0
7020,1363,68174,829.6849917011132,1.0
7020,1350,67548,366.08156666816404,1.0
7020,1350,67542,885.7840348656445,1.0
7020,1350,67538,1097.1383910345703,1.0
7020,1346,67340,987.8372001603905,1.0
7020,1346,67310,840.4891216782811,1.0
7020,1324,66203,457.05129374499995,1.0
7020,1288,64433,518.861358201621,1.0
7020,1288,64420,1120.5074694810155,1.0
7020,1281,64090,1110.9281259578124,1.0
7020,1271,63596,1084.443310751953,1.0
7020,1271,63580,1022.8514954056249,1.0
7020,1238,61931,733.9976497654882,1.0
7020,1219,60959,635.8063381804686,1.0
7020,1219,60952,1352.2154085841403,1.0
7020,1214,60702,1208.0436389017968,1.0
7020,1204,60222,590.3400193211718,1.0
7020,1204,60212,1637.5711335681249,1.0
7020,1181,59084,907.3025221632421,1.0
7020,1181,59055,873.8531841492577,1.0
7020,1177,58898,430.8577776139062,1.0
7020,1142,57150,632.7461394628905,1.0
7020,1142,57118,1008.8149490923241,1.0
7020,1128,56416,1033.9130363242966,1.0
7020,1128,56409,476.1924159013281,1.0
7020,1068,53410,908.6919357176171,1.0
7020,1038,51925,543.2277111864452,1.0
7020,1005,50293,1451.3628544178905,1.0
7020,1005,50280,1083.4614487825388,1.0
7020,1005,50264,1154.0117963324606,1.0
7020,1005,50257,1087.136355915488,1.0
7020,982,49132,310.98228507917963,1.0
7020,982,49107,1214.1469694837497,1.0
7020,982,49105,808.7286622024999,1.0
7020,982,49102,861.478986580703,1.0
7020,962,48103,593.0976267327734,1.0
7020,866,43317,887.377566643789,1.0
7020,866,43312,596.960537736992,1.0
7020,861,43067,407.25212983412104,1.0
7020,861,43057,955.6720982478124,1.0
7020,861,43056,698.04568510666,1.0
7020,855,42767,949.0137568415429,1.0
7020,855,42758,1235.4499450571875,1.0
7020,849,42491,914.2016239605467,1.0
7020,849,42462,536.4048505855175,1.0
7020,843,42171,902.1732413758592,1.0
7020,843,42157,486.1155703657617,1.0
7020,729,36498,586.1891747402343,1.0
7020,729,36459,748.8696587530468,1.0
7020,688,34447,1531.8616161142968,1.0
7020,688,34427,839.5222446065624,1.0
7020,653,32692,1210.7181299531248,1.6285497326373342
7020,653,32671,717.0748762270701,1.0
7020,651,32583,556.7758744104295,1.0
7020,651,32582,718.8986465141405,1.0
7020,651,32571,456.3872507097265,1.0
7020,636,31839,493.2435028710351,1.0
7020,636,31812,611.5687213530077,1.0
7020,607,30371,678.9696537790234,1.0
7020,607,30360,1628.0424141551953,1.0
7020,552,27638,691.9540706428514,1.0
7020,552,27628,1042.9004843334178,1.0
7020,552,27603,1202.4245810669531,1.0
7020,534,26721,1695.8772197353514,1.0
7020,534,26707,594.893920040039,1.0
7020,513,25695,1235.231684536328,1.0
7020,513,25663,957.5639973196484,1.0
7020,434,21733,1183.6335351993748,1.0
7020,431,21597,557.6165776903124,1.0
7020,431,21581,967.6118247062109,1.0
7020,431,21557,344.3664034831445,1.0
7020,425,21283,562.1824553449609,1.0
7020,425,21279,615.5976702242382,1.0
7020,425,21265,968.9216311472655,1.0
7020,419,20995,578.3213398145116,1.0
7020,351,17577,928.1319145620312,1.0
7020,351,17561,567.5150398473437,1.0
7020,349,17476,1054.806753368945,1.0
7020,320,16020,439.0329373297265,1.0
7020,304,15248,562.5687276292186,1.0
7020,304,15205,646.6176536200389,1.0
7020,268,13440,946.5526487599999,1.0
7020,268,13436,1628.6311006012693,1.0
7020,247,12399,876.2342519251562,1.0
7020,231,11555,448.92924521244134,1.0
7020,185,9286,1052.9309722846874,1.0
7020,185,9275,749.4814893790234,1.0
7020,128,6449,796.2408237598827,1.0
7020,123,6157,604.2416392626952,1.0
7020,117,5874,810.805652035078,1.0
7020,87,4390,997.4807927959374,1.0
7020,78,3916,1110.4089143234178,1.0
7020,73,3689,762.2590210961718,1.0
7020,67,3381,980.1673788708592,1.0
7020,67,3380,722.9146856892968,1.0
7020,47,2375,408.94841672937497,1.0
7020,47,2366,552.7305176338671,1.0
7020,1,70,741.5046820555468,1.0
7019,525,26280,700.4385598181249,1.0
7019,408,20446,888.6996662445116,1.0
7019,408,20441,764.346635945742,1.0
7019,394,19729,829.2731417527342,1.0
7019,378,18938,976.7261577439257,1.0
7019,378,18917,323.6206185361132,1.0
7019,374,18739,225.06091651714834,1.0
7019,333,16699,1030.5386214218356,1.0
7019,333,16697,291.9519918111816,1.0
7019,333,16678,1502.1806010783594,1.0
7019,322,16144,892.1644312223045,1.0
7019,322,16118,624.292724216875,1.0
7019,322,16115,1011.2954779252343,1.0
7019,273,13665,1161.6268114442578,1.0
7019,260,13020,367.0726750773046,1.0
7019,248,12405,957.7494844028905,1.0
7019,228,11432,800.182876371914,1.0
7019,225,11266,1866.897819712617,1.0
7019,205,10274,1285.5434008138282,1.0
7019,205,10258,1164.883217263281,1.0
7019,200,10016,978.250122597246,1.0
7019,200,10014,824.4847582161132,1.0
7019,200,10003,1280.436952329785,1.0
7019,131,6557,1101.5640973021873,1.0
7019,126,6349,822.6466545237499,1.0
7019,126,6347,1383.9831854733593,1.0
7019,126,6320,1030.0268228586328,1.0
7019,126,6305,520.8386956682714,1.0
7019,119,5972,1551.1820133658985,1.0
7019,113,5696,714.5744947334374,1.0
7019,79,3970,843.8494598098827,1.0
7019,79,3952,1035.8096143713278,1.0
7019,74,3704,815.9448090892968,1.0
7019,33,1662,749.0869945735936,1.0
7018,971,48586,818.0183186014843,1.0
7018,971,48577,1315.678753376289,1.0
7018,950,47527,830.0935055153124,1.0
7018,883,44185,541.4104242017187,1.0
7018,883,44161,651.0097472699218,1.0
7018,880,44022,1466.4262185619532,1.0
7018,880,44002,1114.3401836255857,1.0
7018,822,41114,397.14941707289057,1.0
7018,822,41107,871.3853798086327,1.0
7018,718,35936,625.6264224248046,1.0
7018,717,35873,442.60568832968744,1.0
7018,663,33191,311.74934144617185,1.0
7018,663,33154,1206.799243213125,1.0
7018,650,32517,844.2458150232811,1.0
7018,637,31897,354.2450242866113,1.0
7018,637,31856,432.2091313971484,1.0
7018,616,30836,1081.0267606648044,1.0
7018,616,30820,1585.6994139634376,1.0
7018,572,28643,1101.1457275730077,1.0
7018,572,28636,1069.4326595778903,1.0
7018,565,28292,1208.9127227296094,1.0
7018,565,28262,718.7694890799609,1.0
7018,563,28153,1338.504717873047,1.0
7018,561,28098,785.8975827138084,1.0
7018,501,25077,1472.9882667928123,1.0
7018,501,25060,793.4268096067577,1.0
7018,451,22570,560.0091153924999,1.0
7018,430,21520,943.10085382541,1.0
7018,430,21518,1322.8965473940625,1.0
7018,423,21163,883.3324563942577,1.0
7018,397,19856,1664.2405251774803,1.0
7018,356,17842,958.8239542118749,1.0
7018,356,17817,1292.1713157116014,1.0
7018,344,17248,461.30001072367185,1.4981678716638656
7018,344,17241,1209.7336799821092,1.0
7018,344,17220,862.2050441078514,1.0
7018,344,17209,480.86637718462885,1.0
7018,302,15111,1387.1326212116796,1.0
7018,299,14990,735.4491281458203,1.0
7018,283,14192,1029.0738112015624,1.0
7018,239,11981,1102.5890560178123,1.0
7018,239,11970,402.4618306919531,1.0
7018,239,11954,620.1645981964842,1.0
7018,223,11189,1431.0613188081834,1.0
7018,223,11176,600.0621414284569,1.0
7018,223,11156,728.5136026014843,1.0
7018,156,7841,583.5997429821483,1.0
7018,104,5224,1776.777396871621,1.0
7018,104,5210,743.7055166818749,1.0
7018,92,4650,415.8583286565625,1.0
7018,92,4630,1241.6194536786134,1.0
7018,55,2796,926.6346704541991,1.0
7018,55,2751,1051.720572038359,1.0
7018,51,2556,1109.3152157122458,1.0
7018,30,1509,1130.1869807385156,1.0
7018,30,1504,457.853856268164,1.0
7018,11,577,886.7577106555077,1.0
7018,6,320,1199.6009276707227,1.0
7017,1741,87068,616.7314052440233,1.0
7017,1717,85897,1011.8447877831248,1.0
7017,1717,85895,490.6033936072265,1.0
7017,1663,83199,818.5128328984374,1.0
7017,1663,83164,1230.281839410664,1.0
7017,1619,80994,792.5507222131639,1.0
7017,1487,74383,890.3531745169921,1.0
7017,1446,72316,1211.9194399648436,1.0
7017,1434,71747,608.1207342193358,1.0
7017,1434,71744,529.5334547314061,1.0
7017,1434,71729,790.5134191424609,1.0
7017,1425,71291,681.3245146945702,1.0
7017,1425,71284,839.6461731385156,1.0
7017,1425,71270,976.4667120610351,1.0
7017,1414,70720,996.0446696790428,1.0
7017,1366,68335,1060.9363625663864,1.0
7017,1366,68318,1027.4802162656638,1.0
7017,1365,68297,758.7685068378514,1.0
7017,1365,68285,446.5338141632031,0.9555840926533175
7017,1338,66950,1064.8689047062499,1.0
7017,1334,66734,344.9692380711328,1.0
7017,1334,66718,1340.0154374244335,1.0
7017,1333,66670,1006.9201690696093,0.8057426836674966
7017,1310,65550,1062.6117069820116,1.0
7017,1310,65510,911.910139308789,1.0
7017,1310,65506,668.7514981784374,1.0
7017,1306,65347,1063.8910204000586,1.0
7017,1273,63693,1304.2849121413278,1.0
7017,1273,63659,528.131489967578,1.0
7017,1273,63651,455.2017644460937,1.0080462350696193
7017,1248,62441,1131.8146925201954,1.0
7017,1230,61511,557.8506368486718,1.0
7017,1225,61276,433.6446608224414,1.0
7017,1225,61255,583.2801642501952,1.0
7017,1222,61139,962.8375032747655,1.0
7017,1222,61133,1267.2276155865625,1.0
7017,1170,58505,922.7553343743749,1.0
7017,1168,58411,996.6387591529882,1.0
7017,1168,58401,682.0303652072655,1.0
7017,1148,57435,1347.9286062026267,1.0
7017,1148,57429,559.163099048203,1.0
7017,1146,57350,726.0857455981054,1.0
7017,1146,57349,582.5089999425389,1.0
7017,1121,56087,487.66299693898435,1.0
7017,1121,56071,619.9963474385742,1.0
7017,1115,55791,1101.1608215749216,1.0
7017,1115,55777,575.5448985630468,1.0
7017,1097,54886,674.4577978041406,1.0
7017,1006,50320,1263.265332833203,1.0
7017,1006,50311,1519.316504096484,1.0
7017,985,49287,752.1609511964061,1.0
7017,985,49284,1210.4302323801562,1.0
7017,985,49258,1259.5372503950389,1.0
7017,929,46486,1536.0911754441404,1.0
7017,929,46454,616.5586574972655,1.0
7017,912,45610,900.9109873223437,1.0
7017,897,44886,816.6076797310936,1.0
7017,897,44859,1109.9969759705273,1.0
7017,897,44858,659.5060795518554,1.0
7017,888,44436,948.4092023557421,1.0
7017,878,43901,982.3404559841015,1.0
7017,873,43700,1060.2024285099997,1.0
7017,873,43686,286.5579846756445,1.0
7017,873,43669,315.02706324742184,1.0
7017,873,43666,1319.5159991621872,1.0
7017,857,42873,375.31509582898434,1.0
7017,851,42589,394.3216869727929,1.0
7017,838,41937,559.5100856598827,1.0
7017,838,41918,519.2977145071483,1.0
7017,833,41677,949.7877078801562,1.0
7017,781,39089,472.28560428078123,1.0
7017,781,39064,905.9601716978124,1.0
7017,757,37875,948.7745378510937,1.0
7017,716,35808,1458.627735920078,1.0
7017,701,35060,606.5320094331249,1.0
7017,695,34796,1038.6468169669138,1.0
7017,694,34716,1028.6522342522067,1.0
7017,674,33739,829.9843283358983,1.0
7017,669,33482,1187.7792590025779,1.0
7017,657,32872,482.521248307246,1.0
7017,653,32687,597.7418319432812,1.0
7017,653,32652,751.4324269986328,1.0
7017,652,32633,631.2772424041406,1.0
7017,582,29124,1074.0634258709374,1.0
7017,582,29107,821.6284403762108,1.0
7017,565,28283,890.151812861953,1.0
7017,565,28274,1214.7917939719528,1.0
7017,565,28267,1211.7930646142968,1.0
7017,565,28263,554.0532636341014,1.0
7017,565,28261,1307.297805509414,1.0
7017,498,24905,1947.8924828266404,1.0
7017,453,22657,281.0249371468359,1.0
7017,447,22385,1092.8049167128906,1.0
7017,447,22363,771.5550950634374,1.0
7017,447,22358,1716.449647905703,1.0
7017,443,22194,944.3033061138281,1.0
7017,438,21909,723.772932276953,1.0
7017,417,20872,622.7587005349218,1.0
7017,375,18794,1291.7013048377344,1.0
7017,375,18765,1195.4961509686132,1.0
7017,351,17557,728.7230135167578,1.0
7017,289,14485,1188.672993285234,1.0
7017,258,12939,703.6359410401171,1.0
7017,258,12925,690.7226395482811,1.0
7017,258,12906,1684.0493917603126,1.0
7017,190,9534,1037.9438774641503,1.0
7017,190,9529,1117.2995123417186,1.0
7017,190,9505,1307.3356438364845,1.0
7017,186,9330,441.40039831019527,1.0
7017,141,7075,941.0301786894335,1.0
7017,105,5257,885.3146993335155,1.0
7017,44,2218,699.7000996557812,1.0
7016,374,18713,713.0098514649218,1.0
7016,359,17984,307.5735870858398,1.0
7016,359,17956,915.0042620568163,1.0
7016,355,17776,1184.3944157381638,1.0
7016,355,17770,1021.5576536774608,1.0
7016,355,17765,1469.3305449824998,1.0
7016,355,17754,1439.107465420254,1.0
7016,347,17383,1377.380139501201,1.0
7016,347,17367,1426.4344962725781,1.0
7016,342,17123,1275.9324683829295,1.0
7016,339,16952,890.0530088551366,1.0
7016,331,16561,1342.2539687430076,1.0
7016,295,14777,912.1413467147851,1.0
7016,272,13635,941.4170497177734,1.0
7016,238,11920,897.3665739074609,1.0
7016,180,9043,605.055094648828,1.0
7016,180,9013,894.0442326119921,1.0
7016,154,7739,723.8461476449218,1.0
7016,154,7730,1007.6564544660155,1.0
7016,154,7727,600.2908707960155,1.0
7016,140,7038,559.592551350078,1.0
7016,63,3181,1403.3742793262304,1.0
7016,63,3178,1037.1790445831834,1.0
7016,63,3171,1060.925737977832,1.0
7016,59,2996,714.5084437991795,1.0
7016,49,2480,927.7811550658397,1.0
7016,49,2462,658.3816487860937,1.0
7016,49,2461,727.724943705039,1.0
7016,17,874,445.57283962039054,1.0
7014,1708,85436,360.64134367810544,1.0
7014,1708,85434,1281.6919142688475,1.0
7014,1708,85421,399.03913835154293,1.0
7014,1708,85406,937.0242675167968,1.0
7014,1703,85199,1234.7837710716017,1.0
7014,1703,85175,1385.6926843749216,1.0
7014,1660,83005,1307.1304358530078,1.0
7014,1627,81391,1112.4195581267968,1.0
7014,1575,78792,604.3938307616992,1.0
7014,1575,78787,614.4690583349218,1.0
7014,1575,78772,701.3566769591796,1.0
7014,1575,78769,219.31358459874994,1.0
7014,1527,76393,767.5898441486327,1.0
7014,1527,76392,936.5800223828905,1.0
7014,1527,76387,783.7592832336718,1.0
7014,1527,76375,768.5738684580077,1.0
7014,1527,76370,1137.4265244913672,1.0
7014,1524,76247,591.0832538078124,1.0
7014,1524,76236,825.2928289108984,1.0
7014,1524,76227,671.688425138164,1.0
7014,1524,76224,734.7678155103905,1.0
7014,1524,76202,1134.825843682031,1.0
7014,1522,76135,951.135513786621,1.0
7014,1522,76109,674.6951202471483,1.0
7014,1522,76104,499.70278007647454,1.0
7014,1513,75693,353.4034630546093,1.0
7014,1513,75670,1190.3000999022852,1.0
7014,1513,75665,355.81818566085934,1.0
7014,1502,75146,445.31709622382806,1.0
7014,1502,75144,1328.6063043372656,1.0
7014,1502,75128,999.1441965054687,1.0
7014,1502,75112,404.1326413883789,1.0
7014,1494,74745,495.32951860249995,1.0
7014,1471,73552,1357.9941018683203,1.0
7014,1443,72199,394.2431376073046,1.0
7014,1443,72194,515.5060417835156,1.0
7014,1443,72177,794.7614807741601,1.0
7014,1440,72039,889.3999998385156,1.0
7014,1428,71405,816.0214153585546,1.0
7014,1425,71266,461.15083505404294,1.0
7014,1420,71046,969.4245156246093,1.0
7014,1420,71017,1476.9029079328907,1.0
7014,1418,70907,507.935133763496,1.0
7014,1416,70835,1045.4184254412498,1.0
7014,1416,70826,696.2931044983397,1.0
7014,1416,70805,1146.880622723164,1.0
7014,1402,70140,1003.0741133341601,1.0
7014,1402,70127,1462.5401268594528,1.0
7014,1402,70126,1028.4770956394532,1.0
7014,1402,70113,1466.8250537503122,1.0
7014,1367,68381,1247.370339298047,1.0
7014,1367,68362,1020.4580120299217,1.0
7014,1349,67500,929.009795288203,1.0
7014,1349,67485,554.5194693851171,1.0
7014,1349,67484,1600.0895863630467,1.0
7014,1345,67292,1029.5080718961326,1.0
7014,1345,67260,525.4150455005273,1.0
7014,1277,63896,878.1731630760155,1.0
7014,1252,62620,1089.3316680888083,1.0
7014,1252,62609,816.1152530803905,1.0
7014,1252,62601,557.4623530553124,1.0
7014,1245,62294,1082.17822226707,1.0
7014,1245,62260,683.015303870078,1.0
7014,1240,62023,1186.6248844502734,1.0
7014,1240,62007,561.2063784705468,1.0
7014,1212,60629,808.6910179310155,1.0
7014,1212,60607,708.8378565957031,1.0
7014,1212,60606,655.5605329744335,1.0
7014,1197,59892,363.4904332303125,1.0
7014,1197,59879,368.7678679726367,1.0
7014,1143,57172,1243.8801265682027,1.0
7014,1143,57154,451.8438562001562,1.0
7014,1109,55496,1113.6100018425782,1.0
7014,1109,55484,1091.4497008454687,1.0
7014,1078,53941,821.7418028110546,1.0
7014,1078,53931,622.2417249175389,1.0
7014,1078,53925,423.0375394526562,1.0
7014,1069,53469,1036.2527419383982,1.0
7014,1056,52804,909.8876775030468,1.0
7014,1056,52803,1170.9176148199608,1.0
7014,1055,52797,612.5111837923437,1.0
7014,1055,52791,1126.5323305546872,1.0
7014,1055,52785,1369.2544842714842,1.0
7014,1055,52769,579.7263673312303,1.0
7014,1033,51693,619.1681486941796,1.0
7014,1033,51691,1248.4690004615427,1.0
7014,1033,51689,723.6727306498436,1.0
7014,1033,51681,623.1802691556248,1.0
7014,1033,51651,570.0016519621093,1.0
7014,959,47997,787.7281313971092,1.0
7014,959,47974,275.08551616548823,1.0
7014,949,47494,890.463597683203,1.0
7014,738,36926,821.1648605443748,1.0
7014,738,36910,822.6929186873045,1.0
7014,738,36902,444.2377508751953,1.0
7014,708,35441,1167.507996766211,1.0
7014,708,35419,749.0232235506639,1.0
7014,694,34741,822.2012253367186,1.0
7014,694,34735,909.5481892463671,1.0
7014,694,34732,740.7292658368553,1.0
7014,669,33473,1115.9401641021286,1.0
7014,669,33452,835.496680541328,1.0
7014,650,32541,1149.1189268758594,1.0
7014,650,32518,1552.6928934498242,1.0
7014,646,32328,1075.982885946074,1.0
7014,640,32041,284.9095066133984,1.0
7014,640,32027,1072.4468788428512,1.0
7014,640,32023,1481.9430143038671,1.0
7014,626,31310,1400.4058128675001,1.0
7014,626,31303,1206.5725561225,1.0
7014,605,30288,1138.5840904416796,1.0
7014,605,30254,1097.9123707606345,1.0
7014,549,27470,1245.7696243429295,1.0
7014,508,25424,545.708143580703,1.0
7014,474,23720,999.4535859693553,1.0
7014,461,23078,527.9901167355468,1.0
7014,461,23052,438.63152531009763,1.0
7014,453,22671,814.780213390371,1.0
7014,453,22659,1149.9577731996092,1.0
7014,450,22511,437.0417530619531,1.0
7014,437,21893,1048.9077630512497,1.0
7014,437,21855,672.2213264190233,1.0
7014,399,19958,409.7092553082421,1.0
7014,379,18954,1268.0454874940624,1.0
7014,315,15796,1403.7859205356444,1.0
7014,315,15755,1252.282291730859,1.0
7014,268,13443,513.4571452360547,1.0
7014,231,11585,441.8556374790429,1.0
7014,231,11556,1021.355819991953,1.0
7014,170,8550,1467.7815563532813,1.0
7014,170,8521,1404.692199551875,1.0
7014,170,8507,680.9451383645019,1.0
7014,163,8187,706.0167607206249,1.0
7014,152,7641,966.5822018968554,1.0
7014,152,7623,1133.6783157085351,1.0
7014,152,7603,561.9398063082616,1.0
7014,121,6095,755.6607159827538,1.0
7014,111,5567,1067.045186023906,1.0
7014,111,5557,1075.92732792375,1.0
7014,92,4626,799.3123411356249,1.0
7014,92,4612,1697.0826880042578,1.0
7014,63,3179,391.14855228812496,1.0
7014,40,2036,930.0285043126562,1.0
7014,40,2035,843.6457274630077,1.0
7014,16,849,923.2831206875,1.0
7014,16,836,708.4219878461328,1.0
7014,16,818,656.2526844596483,1.0
7014,8,450,861.7164085652929,1.0
7014,8,435,1009.4579377502733,1.0
7014,8,414,962.7251520071093,1.0
7013,203,10199,827.8581930841015,1.0
7013,203,10169,932.6853958649999,1.0
7013,203,10152,1252.2774361252732,1.0
7013,200,10025,1182.8018017603513,1.0
7013,181,9096,1197.9636325653905,1.0
7013,163,8161,962.0341203400975,1.0
7013,55,2782,754.0183434126952,1.0
7012,1721,86078,1085.8071364364841,1.0
7012,1702,85143,840.6231503326757,1.0
7012,1702,85127,316.2454871733105,1.0
7012,1702,85105,848.8639601743944,0.9480003591889261
7012,1702,85101,695.0009637551561,1.0
7012,1688,84424,1005.2883403870311,1.0
7012,1616,80847,908.9802503789452,1.0
7012,1616,80839,774.0601966415624,1.0
7012,1613,80681,739.4638158440429,1.0
7012,1613,80676,708.9360393110936,1.0
7012,1613,80674,587.3952309986718,1.0
7012,1592,79647,1356.9378905724216,1.0
7012,1580,79038,369.59113910214836,1.0
7012,1577,78881,994.7278733152148,1.0
7012,1577,78868,708.8366510296484,1.0
7012,1568,78440,885.1136352573241,1.0
7012,1568,78422,1655.1383388855465,1.0
7012,1568,78414,561.5219689472459,1.0
7012,1568,78410,625.982105301914,1.0
7012,1536,76812,368.59506883650386,1.0
7012,1527,76397,1087.8461636126758,1.0
7012,1527,76373,839.4165952846874,1.0
7012,1508,75448,495.5154818172656,1.0
7012,1508,75401,835.8712820727343,1.0
7012,1505,75272,1724.4536013153124,1.0
7012,1505,75261,796.6366440083202,1.0
7012,1501,75080,745.5465064506249,1.0
7012,1501,75059,878.2210454970702,1.0
7012,1482,74124,1036.5782535864646,1.0
7012,1482,74112,664.7726620562499,1.0
7012,1464,73250,1180.840958011875,1.0
7012,1464,73221,506.9657489474609,1.0
7012,1464,73214,1036.8551562889843,1.0
7012,1429,71495,1297.3450963316404,1.0
7012,1423,71182,799.2762969123827,1.0
7012,1407,70393,710.1767207060155,1.0
7012,1407,70367,1436.509576356445,1.0
7012,1407,70363,1244.320857066074,1.0
7012,1390,69532,786.8751177919726,1.0
7012,1390,69512,1132.4994584171873,1.0
7012,1390,69501,1139.5110816742967,1.0
7012,1385,69292,1453.1825221668946,1.0
7012,1385,69262,1250.7882247019138,1.0
7012,1385,69260,475.6007127206347,1.0
7012,1379,68998,1258.132307282539,1.0
7012,1379,68984,836.9643746073632,1.0
7012,1379,68965,783.5814513539842,1.0
7012,1379,68952,889.527682917246,1.0
7012,1377,68900,942.7808203668163,1.0
7012,1377,68870,688.9348424226757,1.0
7012,1377,68860,276.04900722117185,1.0
7012,1377,68857,424.3656895511523,1.0
7012,1352,67609,556.7739154639843,1.0
7012,1316,65815,559.7846491105273,1.0
7012,1316,65809,802.7303343271093,1.0
7012,1316,65804,1224.2723290259569,1.0
7012,1210,60516,847.0702786887108,1.0
7012,1154,57726,942.0654486215428,1.0
7012,1149,57466,337.6682297359375,1.0
7012,1148,57410,1382.9614836537498,1.0
7012,1148,57401,1227.294761872422,1.0
7012,1134,56746,623.3314747089843,1.0
7012,1134,56741,469.4066572146484,1.0
7012,1081,54093,302.6770215354297,1.0
7012,1070,53544,837.723187701328,1.0
7012,1069,53488,1020.5324341764648,1.0
7012,1069,53468,1696.5558952375,1.0
7012,1066,53322,520.1539487710546,1.0
7012,1066,53312,659.648447359414,1.0
7012,1053,52686,972.7408669594334,1.0
7012,1053,52681,605.428311008457,1.0
7012,1053,52654,1256.2859882645898,1.0
7012,1026,51320,1293.9923068702342,1.0
7012,1010,50532,1286.5741629675,1.0
7012,1010,50513,819.5711442220702,1.0
7012,1010,50511,801.7560286763671,1.0
7012,991,49577,1481.4470135209763,1.0
7012,985,49265,1042.8786980364257,1.0
7012,957,47871,952.2230811803905,1.0
7012,945,47289,928.1943583372655,1.0
7012,945,47258,716.8450437397265,1.0
7012,895,44764,1276.1952093280465,1.0
7012,872,43619,702.6303528473046,1.0
7012,872,43607,427.83569837519525,1.0
7012,865,43295,1656.8617759529297,1.0
7012,865,43287,622.4368813929686,1.0
7012,865,43267,1148.3267064233592,1.0
7012,850,42527,849.7421527605663,1.0
7012,847,42378,1099.3258333105468,1.0
7012,728,36424,1028.7205046678123,1.0
7012,728,36421,1130.7332259367968,1.0
7012,728,36407,766.9133533774608,1.0
7012,686,34343,379.2651301392187,1.0
7012,686,34316,315.91192143482414,1.0
7012,672,33646,343.9755725370117,1.0
7012,672,33639,591.9058641976073,1.0
7012,672,33627,498.639807607539,1.0
7012,672,33621,1085.4532643565817,1.0
7012,672,33609,854.9847548347069,1.0
7012,628,31422,824.0948421586327,1.0
7012,614,30742,850.5636438706834,1.0
7012,614,30719,431.74230703787106,1.0
7012,606,30322,646.0306350531445,1.0
7012,606,30301,1003.6151688544726,1.208124714391713
7012,600,30041,1288.6163328533594,1.0
7012,600,30009,1547.8691707004687,1.0
7012,583,29197,1087.4868829529687,1.0
7012,583,29189,400.0591108054687,1.0
7012,583,29164,741.0318078937499,1.0
7012,486,24348,764.887527636367,1.0
7012,486,24334,458.3991176821484,1.0
7012,486,24322,592.764662522285,1.0
7012,486,24305,2217.749816398945,1.0
7012,447,22371,1520.579901411953,1.0
7012,447,22367,697.5106647021288,1.0
7012,444,22209,515.4200304417577,1.0
7012,386,19308,347.9972456340234,1.0
7012,349,17452,531.1628832908983,1.0
7012,337,16862,852.5031317703905,1.0
7012,311,15586,596.840369918203,1.0
7012,311,15574,270.28465657255856,1.0
7012,311,15551,587.5446437944335,1.0
7012,305,15278,317.09969627601555,1.0
7012,305,15270,631.3751578082421,1.0
7012,305,15252,725.698246634414,1.0
7012,265,13298,1530.4729376691212,1.0
7012,265,13281,548.3645928820116,1.0
7012,237,11870,555.2118649480468,1.0
7012,236,11849,1217.3268181531248,1.0
7012,236,11808,396.8615306583593,1.0
7012,188,9443,666.7013903091796,1.0
7012,186,9321,615.6219764315624,1.0
7012,157,7887,944.0307992877342,1.0
7012,157,7873,1258.609510174531,1.0
7012,151,7598,908.0801829203124,1.0
7012,151,7597,909.2258607789452,1.0
7012,151,7592,532.5996061570702,1.0
7012,151,7568,601.6289432846874,1.0
7012,151,7559,1107.2062406427344,1.0
7012,117,5887,677.2492014286327,1.0
7012,117,5880,1119.033426177656,1.0
7012,117,5870,851.2780882816014,1.0
7012,117,5853,409.1337482455859,1.0
7012,43,2193,390.06938163937497,1.0
7012,43,2152,553.8294193411717,1.0
7012,37,1884,1463.0922552560155,1.0
7012,29,1471,915.3762948547069,1.0
7012,8,447,518.0109405503124,1.0
7011,314,15745,771.0990305792186,1.0
7011,314,15742,1227.312256405703,1.0
7011,314,15735,669.2783923850975,1.0
7011,314,15720,996.173927964746,1.0
7011,304,15235,484.8587789511718,1.0
7011,304,15229,1664.1850252253907,1.0
7011,242,12144,790.0040011952929,1.0
7011,215,10786,1023.8225230560937,1.0
7011,215,10753,494.67278601617187,1.0
7011,203,10200,942.3371254621288,1.0
7011,165,8295,993.6406225422655,1.0
7011,165,8282,317.9698730640038,1.0
7011,165,8273,1237.906199100703,1.0
7011,165,8265,965.0777165739843,1.0
7011,158,7935,931.0311287843945,1.0
7011,158,7922,724.8967955305468,1.0
7011,158,7909,1014.9212495450389,1.0
7011,146,7313,603.097975188203,1.0
7011,107,5391,1040.9623699516014,1.0
7011,107,5388,726.1126543390624,1.0
7011,107,5365,684.558719373125,1.0
7011,66,3342,337.0175064753515,1.0
7011,66,3324,1532.138572792402,1.0
7011,39,2000,1026.2046314127733,1.0
7011,39,1989,470.15445483398435,1.0
7011,39,1983,1088.6070571338864,1.0
7011,32,1608,545.0833099940625,1.0
7011,32,1603,446.07933835837883,1.0
7011,29,1496,744.3585367217577,1.0
7011,29,1466,1115.6649017178124,1.0
7011,6,316,748.9878611693163,1.0
7010,1752,87632,903.5596072517186,1.0
7010,1752,87612,983.3403866637694,1.0
7010,1694,84711,842.3686143466991,1.0
7010,1694,84710,1247.1587217537694,1.0
7010,1652,82632,1090.4398228096288,1.0
7010,1652,82619,934.562582852578,1.0
7010,1598,79939,1068.5042231863672,1.0
7010,1592,79631,527.7252168993358,1.0
7010,1592,79604,1761.5558793171872,1.0
7010,1589,79451,855.3437222948827,1.0
7010,1588,79442,555.7766135455468,1.0
7010,1588,79433,1121.1046402130078,1.0
7010,1588,79415,670.3429599515624,1.0
7010,1588,79405,854.4177239474999,1.0
7010,1588,79404,849.8163790083788,1.0
7010,1573,78677,587.1799296961327,1.0
7010,1573,78674,975.1054567292382,1.0
7010,1504,75233,1370.9272665070507,1.0
7010,1504,75225,542.8729498096483,1.0
7010,1491,74587,423.7348700033984,1.0
7010,1491,74586,893.458588807617,1.0
7010,1489,74475,591.4086429101757,1.0
7010,1489,74467,1182.4086960373434,1.0
7010,1489,74453,626.7829195184373,1.0
7010,1483,74168,949.5155234222656,1.0
7010,1481,74098,863.6905965978124,1.0
7010,1338,66949,732.173860936328,1.0
7010,1338,66927,1899.1703296685155,1.0
7010,1336,66828,1206.5605813723437,1.0
7010,1336,66821,774.0073086057812,1.0
7010,1336,66816,962.582248895078,1.0
7010,1330,66516,516.6747208856835,1.0
7010,1326,66325,399.09696729972654,1.0
7010,1322,66137,1055.2284983775194,1.0
7010,1300,65027,706.0518707798045,1.0
7010,1274,63709,1295.7243915228905,1.0
7010,1274,63701,380.7174255826562,1.0
7010,1229,61488,1466.3905644735937,1.0
7010,1216,60823,790.8899564582421,1.0
7010,1216,60814,818.7491411764843,1.0
7010,1179,58984,1183.3680421554295,1.0
7010,1163,58172,556.9193624948826,1.0
7010,1155,57792,882.7008923290624,1.0
7010,1155,57777,1524.0046998839061,1.0
7010,1155,57763,1056.5393449808594,1.0
7010,1127,56361,1379.4506808235938,1.0
7010,1116,55825,1188.4319030517968,1.0
7010,1116,55819,1309.9427929894919,1.0
7010,1055,52759,717.5982579491405,1.0
7010,1044,52223,453.4754526553125,1.0
7010,1044,52219,1044.4697125805665,1.0
7010,1004,50230,1401.8528331100001,1.0
7010,1004,50214,1051.7714028935156,1.0
7010,1003,50194,1055.5038025262888,1.0
7010,997,49871,519.0308991590624,1.0
7010,987,49374,851.7937911827343,1.0
7010,986,49343,1239.9602553617187,1.0
7010,986,49304,1269.8331724017576,1.0
7010,985,49295,740.3833868753123,1.0
7010,981,49083,301.2333201198632,1.0
7010,976,48849,809.9447154660351,1.0
7010,976,48838,690.0980299692577,1.0
7010,976,48830,900.9888505079296,1.0
7010,960,48046,792.8089193610937,1.0
7010,927,46381,363.4900254225976,1.0
7010,927,46372,246.0264166227343,1.0
7010,898,44922,979.9143657290624,1.0
7010,838,41917,441.3580841317187,1.0
7010,838,41912,1085.6956719936716,1.0
7010,797,39862,410.6153872155078,1.0
7010,790,39542,659.4539860842968,1.0
7010,790,39507,839.2551215127343,1.0
7010,778,38923,644.0760726860937,1.0
7010,775,38790,829.7160639812499,1.0
7010,775,38779,1447.4909781381248,1.0
7010,775,38775,1901.6099034503122,1.0
7010,775,38768,768.776765182246,1.0
7010,775,38752,1660.3239072048436,1.0
7010,691,34585,486.51480713124994,1.0
7010,691,34563,696.6831761235936,1.0
7010,688,34404,1128.509679173916,1.0
7010,647,32397,1070.9341372410936,1.0
7010,647,32386,741.0628952183203,1.0
7010,647,32368,881.0366498728124,1.0
7010,642,32130,1303.1528862864452,1.0
7010,636,31802,1504.3405770162499,1.1629585747349553
7010,583,29151,1012.9250220585155,1.0
7010,475,23782,1711.6914273488278,1.0
7010,386,19313,1941.6169933359765,1.0
7010,386,19301,1618.2881614655466,1.0
7010,349,17489,416.9596275685156,1.0
7010,347,17392,1074.906089378203,1.0
7010,282,14149,737.2925471690623,1.0
7010,282,14148,1120.4806965200391,1.0
7010,282,14145,1209.8549090073825,1.0
7010,282,14118,875.0147155620311,1.0
7010,226,11349,728.5790099111327,1.0
7010,213,10688,828.5772825974022,1.0
7010,213,10651,1179.2663767460544,1.0
7010,211,10599,293.30271576142576,1.0
7010,211,10565,1092.4072934826172,1.0
7010,211,10560,616.2901753585546,1.0
7010,203,10200,635.0507325124217,1.0
7010,199,9998,1134.2452496121482,1.0
7010,199,9964,974.357724280703,1.0
7010,178,8914,482.1032527732031,1.0
7010,168,8440,626.0341205042577,1.0
7010,168,8431,617.0744433495507,1.0
7010,168,8422,1147.5126993622653,1.0
7010,160,8043,559.4597279228319,1.0
7010,151,7554,497.9812680923632,1.0
7010,137,6856,1125.7971087096093,1.0
7010,137,6854,655.3391464570507,1.0
7010,114,5747,534.9796252366406,1.0
7010,114,5745,301.69982370261715,1.0
7010,114,5713,1666.8994469667186,1.0
7010,71,3574,621.7278168123827,1.0
7010,71,3557,847.5866224067382,1.0
7010,71,3552,441.6074539218945,1.0
7010,49,2494,1009.1537694110156,1.0
7010,49,2483,700.3485082652343,1.0
7010,49,2477,1024.707573995039,1.0
7008,1437,71888,700.7458890285155,1.0
7008,1437,71868,1214.1849284917575,1.0
7008,1437,71853,512.230671324043,1.0
7008,1347,67385,721.3879611004296,1.0
7008,1347,67377,540.4571648758983,1.0
7008,1312,65632,562.5982325530858,1.0
7008,1206,60342,1127.795140883789,1.0
7008,1191,59560,961.324556549414,1.0
7008,1111,55596,537.9953558615429,1.0
7008,1111,55588,615.2200130794921,1.0
7008,1103,55186,910.6894244849608,1.0
7008,1099,55000,500.108060332539,1.0
7008,1099,54987,1427.6255881325778,1.0
7008,1099,54983,485.99809784900384,1.0
7008,1099,54971,951.4607630492186,1.0
7008,1099,54963,639.9365965525,1.0
7008,1099,54953,911.6466146741795,1.0
7008,1064,53245,2003.9282707862599,1.0
7008,1064,53203,484.9084885935156,1.0
7008,1046,52327,602.7955220585155,1.0
7008,1046,52302,797.4466403595702,1.0
7008,1041,52090,1259.971334815195,1.0
7008,1041,52088,607.157866801367,1.0
7008,1041,52081,1402.0527846774999,1.0
7008,1039,51980,1849.1399262973046,1.0
7008,986,49326,1035.8457065915818,1.0
7008,986,49319,364.0923139842383,1.0
7008,977,48897,714.0505694597655,1.0
7008,937,46889,781.868375830703,1.0
7008,937,46884,866.8918138749608,1.0
7008,937,46862,690.1843465744726,1.0
7008,866,43332,1103.8819705030078,1.0
7008,866,43327,720.5097691889843,1.0
7008,838,41938,423.41756613281245,1.0
7008,823,41193,611.9236709554687,1.0
7008,796,39816,1106.380348070078,1.0
7008,678,33943,1396.176377121953,1.0
7008,677,33869,645.2830011803904,1.0
7008,674,33730,1040.1365125783395,1.0
7008,674,33729,670.9722525665429,1.0
7008,661,33093,961.0082643427734,1.0
7008,661,33055,329.2412382852343,1.0
7008,634,31705,1119.082488723906,1.0
7008,622,31132,366.6367804347265,1.0
7008,598,29910,368.9757306455859,1.0
7008,564,28225,776.3417253297655,1.0
7008,564,28224,706.0972335684374,1.0
7008,564,28217,536.1583029145312,1.0
7008,554,27738,797.1607196368944,1.0
7008,554,27721,1495.7050158598436,1.0
7008,539,26969,851.6434312905858,1.0
7008,539,26955,1331.0808293046484,1.0
7008,473,23663,440.0569823664843,1.0
7008,432,21647,541.9749616143358,1.0
7008,432,21609,1374.3098060503517,1.0
7008,432,21602,947.3568437486717,1.0
7008,420,21031,1305.5133637646481,1.0
7008,410,20541,589.6223593553515,1.0
7008,410,20540,886.0863790129296,1.0
7008,410,20522,518.3169738046093,1.0
7008,347,17368,914.1446599371484,1.0
7008,267,13397,482.3854528515234,1.0
7008,267,13385,384.6551973693359,1.0
7008,267,13354,481.7740159107812,1.0
7008,258,12935,870.9563728995312,1.0
7008,258,12931,1089.0082843943746,1.0
7008,254,12730,753.2376838723436,1.0
7008,254,12708,738.6483216658007,1.0
7008,252,12641,1026.685471243984,1.0
7008,252,12612,1342.6443744628123,1.0
7008,218,10935,285.97569550974606,1.0
7008,218,10908,979.1488156349999,1.0
7008,217,10885,1226.3956506356249,1.0
7008,217,10883,1417.253685879336,1.0
7008,201,10080,682.7941089572655,1.0
7008,185,9260,900.0927253911327,1.0
7008,148,7435,896.3990435347459,1.0
7008,148,7409,795.3300841284374,1.0
7008,148,7403,720.1522507510546,1.0
7008,127,6371,822.8619957893749,1.0
7008,127,6370,571.4679246784764,1.0
7008,127,6367,404.35485391179685,1.0
7008,124,6246,908.290402008828,1.0
7008,124,6236,778.2746339856444,1.0
7008,101,5065,806.8050586247656,1.0
7008,101,5056,757.1644412335546,1.0
7008,55,2753,868.9522581034374,1.0
7008,55,2752,669.3949279232617,1.0
7008,41,2096,502.7208771268359,1.0
7007,138,6928,734.0917909828514,1.0
7007,138,6918,1407.2175735887108,1.0
7007,138,6913,1359.504060345742,1.0
7007,117,5882,900.090194608203,1.0
7007,29,1471,879.3152449573631,1.0
7007,29,1453,829.2647650521483,1.0
7007,28,1445,415.066086091875,1.0
7007,28,1415,815.0433044166991,1.0
7007,28,1413,840.8961334172069,1.0
7007,28,1407,696.1556161182812,1.0
7007,25,1291,747.0250466408983,1.0
7007,25,1252,443.5352996934179,1.0
7006,617,30900,877.4286616883593,1.0
7006,617,30873,1169.8833360269432,1.0
7006,617,30859,292.9684859135351,1.0
7006,584,29213,1072.3523665986522,1.0
7006,562,28150,767.9504959282909,1.0
7006,562,28145,880.261785733203,1.0
7006,554,27727,985.6289616882812,1.0
7006,533,26691,1304.0042165789841,1.0
7006,533,26658,916.1322317193749,1.0
7006,325,16264,837.6039500122655,1.0
7006,292,14638,775.5968841479881,1.0
7006,229,11497,434.9599891403906,1.0
7006,229,11493,1239.852588705371,1.0
7006,182,9149,692.7994759068749,1.0
7006,182,9129,288.0228600449804,1.0
7006,158,7918,436.1925656521093,1.0
7006,158,7910,1031.6341487014547,1.0
7006,146,7330,809.655224456953,1.0
7006,118,5937,1199.832703701621,1.0
7006,118,5919,626.6037918417187,1.0
7006,1,56,900.1605183229295,1.0
7004,1750,87540,912.74673453541,1.0
7004,1750,87513,545.4013587696483,1.0
7004,1701,85068,954.0135665364062,1.0
7004,1701,85066,1258.055155978203,1.0
7004,1701,85058,1189.3198964887497,1.0
7004,1677,83884,686.611669950703,1.0
7004,1677,83869,885.7113175190038,1.0
7004,1677,83862,730.0060159128319,1.0
7004,1677,83854,500.677621285625,1.0
7004,1663,83184,1576.2172744582422,1.0
7004,1663,83160,281.29836454406245,1.0
7004,1650,82538,579.62640089375,1.0
7004,1650,82535,1425.4270242608204,1.0
7004,1650,82501,1143.836790797734,1.0
7004,1548,77446,1700.2961554954686,1.0
7004,1548,77438,765.6328301121483,1.0
7004,1533,76687,662.6750726547656,1.0
7004,1529,76483,325.24308872322257,1.0
7004,1529,76454,804.7330524641405,1.0
7004,1483,74194,981.2593820136718,1.0
7004,1483,74154,813.9700604149217,1.0
7004,1480,74042,479.67143272285153,1.0
7004,1466,73328,953.500421158789,1.0
7004,1466,73314,797.2693830417968,1.0
7004,1462,73136,1236.875728172578,1.0
7004,1462,73106,1301.2281268824413,1.0
7004,1395,69799,1361.6557815102733,1.0
7004,1395,69760,700.0611641176952,1.0
7004,1393,69698,703.8929875232811,1.0
7004,1393,69677,1060.3385651846288,1.0
7004,1360,68041,1065.1627982834375,1.0
7004,1360,68032,1348.9887182649218,1.0
7004,1360,68023,1131.3136215337108,1.0
7004,1354,67750,846.1110975586718,1.0
7004,1354,67744,1211.103972546172,1.0
7004,1346,67318,842.3499847064843,1.0
7004,1310,65530,943.8419869610643,1.0
7004,1310,65520,525.7596652265819,1.0
7004,1310,65509,1295.1185347919532,1.0
7004,1309,65493,953.3746812133202,1.0
7004,1309,65478,1035.4123783058785,1.0
7004,1309,65458,1290.6129196649217,1.0
7004,1309,65456,937.6571799307421,1.0
7004,1170,58526,502.7883277472851,1.0
7004,1166,58313,507.0643250434765,1.0
7004,1150,57550,224.13417078419914,1.0
7004,1126,56348,1399.47398588125,1.0
7004,964,48231,931.5439846642772,1.0
7004,913,45686,680.0708630853906,1.0
7004,907,45375,590.6608845163671,1.0
7004,907,45366,675.9914125248437,1.0
7004,895,44778,432.1339858418359,1.0
7004,895,44756,1038.4045551300778,1.0
7004,883,44184,738.5044280837109,1.0
7004,863,43160,697.3710797853514,1.0
7004,834,41739,1379.3714652623044,1.0
7004,834,41703,781.6329564048827,1.0
7004,768,38427,468.4301234947265,1.0
7004,752,37608,1293.855448682949,1.0
7004,723,36191,458.08986830386715,1.0
7004,723,36169,1370.5017607974219,1.0
7004,723,36153,1104.5443143216012,1.0
7004,702,35120,825.4882870541405,1.0
7004,690,34545,791.197100401328,1.0
7004,690,34525,700.2052325480468,1.0
7004,664,33249,751.5468845379881,1.0
7004,664,33215,310.3129086769531,1.0
7004,624,31208,806.5014925315038,1.0
7004,602,30141,1336.872963635703,1.0
7004,549,27494,519.0920953020409,1.0
7004,549,27471,664.1965161167967,1.0
7004,546,27323,867.2437950429882,1.0
7004,546,27314,634.5301372791209,1.0
7004,546,27303,607.3077330614452,1.0
7004,544,27235,1271.893006519941,1.0
7004,544,27203,682.1420834936717,1.0
7004,544,27202,950.1346539356834,1.0
7004,542,27141,845.5554752878124,1.0
7004,539,26971,905.095291712578,1.0
7004,538,26928,372.38783828367184,1.0
7004,528,26448,1034.0012696649997,1.0
7004,528,26423,408.23353345037106,1.0
7004,528,26418,1379.3442149982811,1.0
7004,443,22154,543.9201686431248,1.0
7004,432,21609,999.522189404707,1.0
7004,432,21607,1408.5930477385155,1.0
7004,431,21589,813.8633165304199,1.0
7004,431,21574,625.8257977209765,1.0
7004,345,17275,663.262172176328,1.0
7004,330,16545,1793.15937989625,1.0
7004,330,16522,498.97340319074215,1.0
7004,306,15320,970.4274257828905,1.0
7004,284,14207,564.46160309916,1.0
7004,277,13900,1255.9788584953321,1.0
7004,263,13193,1360.502906485156,1.0
7004,263,13168,991.8269807740038,1.0
7004,254,12736,1058.3631686035937,1.0
7004,203,10182,838.3445101558593,1.0
7004,203,10171,728.9092858391405,1.0
7004,200,10041,1082.7033120761325,1.0
7004,200,10032,1086.5632782248044,1.0
7004,199,9975,356.4189094647265,1.0
7004,180,9036,1032.989077328828,1.0
7004,180,9013,815.8580143279686,1.0
7004,180,9001,1292.911606949609,1.0
7004,126,6309,757.5212433783299,1.0
7004,126,6302,515.6875017605468,1.0
7004,69,3479,1236.881053928203,1.0
7004,61,3091,757.5020166362499,1.0
7004,61,3054,1098.2819783010937,1.0
7004,33,1692,975.2350373210155,1.0
7004,27,1380,1153.5333428454883,1.0
7004,25,1287,630.4759937420703,1.0
7004,25,1272,212.44690115058586,1.0
7004,18,941,504.3132428174609,1.0
7003,1751,87574,369.889279240039,1.0
7003,1751,87559,1268.1671400389841,1.0
7003,1747,87381,389.4884224701953,1.0
7003,1744,87238,657.7657565071484,1.0
7003,1744,87225,808.5513877235546,1.0
7003,1723,86196,1149.0879930600977,1.0
7003,1723,86190,470.29303582656246,1.0
7003,1723,86174,865.8386338335155,1.0
7003,1717,85881,730.1090734355078,1.0
7003,1688,84450,799.541779006328,1.0
7003,1688,84414,422.33917067167965,1.0
7003,1686,84307,533.2892224752928,1.0
7003,1686,84303,898.4374786897753,1.0
7003,1632,81642,1549.102681229082,1.0
7003,1605,80299,446.0316372705273,1.0
7003,1605,80256,1081.70777124082,1.0
7003,1605,80251,432.81570399770504,1.0
7003,1592,79615,727.8307679634374,1.0
7003,1547,77369,759.0811721518359,1.0
7003,1547,77364,456.21351405875,1.0
7003,1534,76710,1807.613148363867,1.0
7003,1498,74930,545.204306151914,1.0
7003,1498,74908,728.0369884128905,1.0
7003,1493,74687,391.2507092343164,1.0
7003,1476,73850,963.7758745124218,1.0
7003,1476,73808,1059.5161869058593,1.0
7003,1459,72994,613.8645826620702,1.0
7003,1459,72966,791.6297439510155,1.0
7003,1459,72955,1197.053696812217,1.0
7003,1448,72438,781.1585788574217,1.0
7003,1448,72412,586.8030956455467,1.0
7003,1430,71503,1145.749312676562,1.0
7003,1334,66739,658.3167623523632,1.0
7003,1334,66720,767.9216568956249,1.0
7003,1313,65662,665.0043878617772,1.0
7003,1313,65658,952.3932712091209,1.0
7003,1305,65270,586.425618536953,1.0
7003,1305,65255,934.1343698799999,1.0
7003,1292,64648,1092.6004150248436,1.0
7003,1292,64631,439.14001570697263,1.0
7003,1292,64617,471.1851887642187,1.0
7003,1292,64603,936.2231639945995,1.0
7003,1262,63118,1027.4168556116406,1.0
7003,1262,63107,516.3617687727636,1.0
7003,1262,63105,610.8828823111718,1.0
7003,1256,62848,913.3915898708593,1.0
7003,1256,62821,615.299773429121,1.0
7003,1256,62812,1518.5486137035546,1.0
7003,1239,61987,348.490231879082,1.0
7003,1239,61981,1236.6109175142187,1.0
7003,1223,61197,836.3475384270507,1.0
7003,1212,60606,446.94535497572264,1.0
7003,1184,59242,685.4523475835156,1.0
7003,1184,59222,463.9946716849609,1.0
7003,1165,58258,991.416304908164,1.0
7003,1136,56834,1190.6394539860153,1.0
7003,1136,56832,439.9416531542382,1.0
7003,1106,55342,873.4133946717967,1.0
7003,1100,55042,968.598098957578,1.0
7003,1100,55036,764.5009437977147,1.0
7003,1100,55019,747.0408140062499,1.0
7003,1100,55001,475.44240267460935,1.0
7003,1078,53935,571.270465826289,1.0
7003,1062,53137,1341.2778215897656,1.0
7003,1023,51179,302.214650579541,1.0
7003,1002,50140,1031.3066054115038,1.0
7003,988,49450,1277.270132353281,1.0
7003,988,49449,858.1542403859764,1.0
7003,940,47049,511.85596637386715,1.0
7003,940,47036,1134.5839500173438,1.0
7003,904,45223,809.7579371360937,1.0
7003,888,44446,1077.9315538381443,1.0
7003,888,44425,318.25393451406245,1.0
7003,888,44404,776.0407380030468,1.0
7003,866,43332,1112.775799457168,1.0
7003,834,41743,839.1313745555077,1.0
7003,834,41704,751.1831641251562,1.0
7003,812,40617,797.480170957207,1.0
7003,809,40484,508.10476484417967,1.0
7003,809,40474,584.2975729705468,1.0
7003,799,39969,918.5919171801562,1.0
7003,787,39364,907.6325988380859,1.0
7003,751,37555,677.9017655991405,1.0
7003,740,37034,440.1972400789062,1.0
7003,740,37022,790.3508465728514,1.0
7003,708,35428,781.8036315986132,1.0
7003,701,35053,1393.25023062125,1.0
7003,640,32031,869.6281949289452,1.0
7003,640,32008,1357.0991155143747,1.0
7003,629,31466,409.16287110611324,1.0
7003,624,31218,750.5521636317186,1.0
7003,616,30838,797.4558988998436,1.0
7003,616,30833,390.39341097716795,1.0
7003,616,30806,446.5480938639648,1.0
7003,595,29768,342.65750061343743,1.0
7003,595,29767,602.8128521845312,1.0
7003,541,27084,471.07731470187497,1.0
7003,541,27065,629.0169206049999,1.0
7003,541,27064,1197.6772770126954,1.0
7003,531,26595,1188.5683594448437,1.0
7003,463,23184,669.2555084753905,1.0
7003,463,23179,1308.9945418958982,1.0
7003,455,22791,643.8308214384374,1.0
7003,407,20399,709.4464149506834,1.0
7003,405,20291,888.1846058402343,1.0
7003,405,20285,324.13395280943354,1.0
7003,405,20281,690.569570386953,1.0
7003,405,20277,796.7365274865624,1.0
7003,405,20251,651.5619348285546,1.0
7003,378,18925,2031.0074164797657,0.9943053216023829
7003,378,18901,570.4778422482422,1.0
7003,353,17680,496.0232917307812,1.0
7003,351,17577,1259.5751884843553,1.0
7003,351,17569,457.96574988062497,1.0
7003,348,17407,1831.940124065,1.0
7003,348,17406,761.1903896687498,1.0
7003,332,16646,1170.3221357878124,1.0
7003,312,15630,542.5031271283593,1.0
7003,297,14896,497.889091578164,1.0
7003,297,14858,1177.8582024885936,1.0
7003,294,14725,1086.237983581152,1.0
7003,294,14712,952.5729103495702,1.0
7003,269,13470,657.3896269793358,1.0
7003,250,12544,468.6495250243554,1.0
7003,250,12537,930.9534835653515,1.0
7003,250,12510,775.7171079998827,1.0
7003,250,12505,1044.540764171621,1.0
7003,250,12503,817.7436071562499,1.0
7003,233,11668,704.046283675625,1.0
7003,217,10870,1077.5098693437499,1.0
7003,217,10863,1466.2805997404685,1.0
7003,176,8834,1371.9267588485936,1.0
7003,162,8140,832.2252549459374,1.0
7003,153,7699,1187.8961077560157,1.0
7003,138,6938,741.1481419135155,1.0
7003,138,6918,808.5540545755077,1.0
7003,138,6913,937.1349924050976,1.0
7003,138,6906,1397.6131855847266,1.0
7003,50,2531,1084.068966278789,1.0
7003,50,2522,461.5719211320898,1.0
7003,50,2513,1121.807299588359,1.0
7001,1170,58546,1142.9916527450196,1.0
7001,1170,58531,634.6500093339843,1.0
7001,1115,55776,669.2333339554687,1.0
7001,1115,55766,568.7043157749706,1.0
7001,1088,54428,581.3156941058593,1.0
7001,1088,54417,958.0939016845116,1.0
7001,1088,54416,784.6651623551171,1.0
7001,1087,54372,1040.4521579657421,1.0
7001,1077,53855,1580.0746312275,1.0
7001,1071,53558,596.6681068216405,1.0
7001,1052,52646,612.4729090364452,1.0
7001,1044,52242,731.0962143480077,1.0
7001,1044,52223,367.12722638486326,1.0
7001,1044,52207,1001.4052697933397,1.0
7001,1044,52206,955.5936722432812,1.0
7001,1043,52153,1196.172537887031,1.0
7001,1016,50849,942.9442704714062,1.0
7001,1016,50832,558.9764604745702,1.0
7001,1016,50831,1310.9469189879296,1.0
7001,1006,50328,844.4004415355467,1.0
7001,1001,50074,1500.4997495800976,1.0
7001,955,47791,380.83121921085933,1.0
7001,942,47120,1436.0324096573436,1.0
7001,938,46913,1104.6940640971093,1.0
7001,922,46101,947.5514318417968,1.0
7001,879,43997,1244.998903431289,1.0
7001,879,43992,705.3303567715624,1.0
7001,854,42731,681.1073386902148,1.0
7001,854,42720,356.3906043892968,1.0
7001,854,42713,843.5748690426171,1.0
7001,854,42709,365.9194624070703,1.0
7001,854,42703,1151.0473860805469,1.0
7001,790,39515,939.493471010625,1.0
7001,743,37162,729.6154350876171,1.0
7001,722,36108,703.6049348710741,1.0
7001,704,35206,1014.2347774430858,1.0
7001,610,30540,1114.2178739302926,1.0
7001,609,30490,395.1561888358984,1.0
7001,599,29998,1026.3509031133785,1.0
7001,599,29990,596.1796823848437,1.0
7001,599,29965,1060.8804938705857,1.0
7001,585,29295,1148.7706419262304,1.0
7001,576,28807,600.0392011200585,1.0
7001,441,22096,801.8566473998436,1.3302826565226695
7001,441,22076,593.3502307001952,1.0
7001,441,22055,685.4499282629296,1.0
7001,426,21344,667.8480883194139,1.0
7001,401,20071,1346.72500701125,1.0
7001,354,17748,1320.6806767571093,1.0
7001,354,17744,1008.642365807578,1.0
7001,354,17739,1370.8263477247656,1.0
7001,350,17546,752.4723349385155,1.0
7001,322,16150,1261.7010639141404,1.0
7001,315,15785,873.1935142834765,1.0
7001,301,15097,441.4345148710937,1.0
7001,301,15090,907.2347286760155,1.0
7001,242,12127,755.1387147816796,1.0
7001,239,11960,494.0176558402734,1.0
7001,225,11266,780.8627313924413,1.0
7001,188,9440,1054.0283546106248,1.0
7001,122,6137,1112.896181424922,1.0
7001,122,6134,1338.2197259719528,1.0
7001,82,4140,605.350872887578,1.0
7001,82,4120,1401.5231841752343,1.0
7001,45,2292,315.00187161449213,1.0
7001,45,2287,1148.904453096875,1.0
7001,43,2176,646.1009768427733,1.0
7001,43,2171,893.9976294200194,0.8649794701328368
7001,43,2164,933.3405422136327,1.0
7001,6,333,1117.8130512624998,1.0
6999,30,1509,660.1538841713672,1.0
6999,30,1505,1152.5223668459375,1.0
6999,13,661,1272.9934620470312,1.0
6999,12,625,1109.4942755688671,1.0
6998,77,3876,1045.3841548960254,1.0
6998,75,3756,2156.68353785666,1.0
6995,23,1194,477.7260532134765,1.0
6995,21,1090,712.8700456142186,1.0
6993,4,213,714.2116205405467,1.0
6991,122,6125,555.2584413366795,1.0
6991,98,4903,877.5370778670703,1.0
6991,97,4867,730.842841288535,1.0
6991,95,4761,356.5516522597265,1.0
6989,21,1059,773.5826175046874,1.0
6980,156,7805,606.5338459392577,1.0
6979,149,7497,1560.3580352196482,1.0
6974,5,289,997.474312471123,1.0
6972,128,6430,1485.0946180670899,1.0
6972,15,781,460.9164675810742,1.0
6970,29,1469,891.4190365464061,1.0
6970,26,1321,1485.1389003238864,1.0
6969,202,10150,1090.8770595040232,1.0
6969,202,10122,1278.4110501864843,1.0
6969,30,1527,1267.0399914479099,1.0
6968,37,1855,1395.853050190156,1.0
6968,26,1318,1305.8617140793358,1.0
6963,115,5785,619.6151978743554,1.0
6963,27,1377,663.6963551308397,1.0
6963,23,1165,473.91284226992184,1.0
6960,16,848,426.3522273219531,1.0
6958,64,3243,819.1598318760937,1.0
6958,62,3131,377.161333359082,1.0
6958,59,2996,1081.1602699479881,1.0
6955,126,6320,215.55485756265617,1.0
6952,99,4983,1735.5635330113282,1.0
6952,93,4689,800.7814044708202,1.0
6952,90,4535,405.23142161757806,1.0
6947,32,1650,680.7676428035937,1.0
6946,26,1347,735.4513218192186,1.0
6946,25,1271,459.43479555298825,1.0
6946,23,1157,1010.666166936914,1.0
6946,21,1087,350.2203694338476,1.0
6945,122,6130,463.431160921582,1.0
6945,77,3888,490.7225317704687,1.0
6945,61,3099,1444.7342278800975,1.0
6938,12,624,778.8384632535937,1.0
6937,63,3182,1201.6508154423436,1.0
6937,62,3139,1219.97984462957,1.0
6937,10,517,846.7203162556249,1.0
6937,8,446,495.01240250863276,1.0
6937,3,165,653.3958262282812,1.0
6937,2,136,1530.3486170572655,1.0
6934,60,3047,875.688233931992,1.0
6934,57,2894,1296.3396802555467,1.0
6933,102,5128,1639.4359624075,1.0
6932,95,4753,556.0142661026562,1.0
6923,22,1120,1151.7988236532224,1.0
6922,180,9038,1461.5992667280661,1.0
6921,148,7405,1088.5858093181446,1.0
6921,143,7197,1104.612500009238,1.0
6921,33,1669,978.0365179274609,1.0
6921,32,1609,695.7266506629686,1.0
6919,74,3701,750.4932450349413,1.0
6916,219,10966,671.8167872842968,1.0
6916,219,10965,534.2446221757031,1.0
6916,163,8174,644.356788170039,1.0
6916,28,1431,1170.9558235606642,1.0
6916,28,1423,722.4804158705468,1.0
6912,189,9484,1154.411379550078,1.0
6912,189,9470,1159.3787509024996,1.0
6908,145,7289,552.8455189673632,1.0
6908,140,7040,919.1902313547655,1.0
6908,140,7018,1272.0897339752341,1.0
6893,228,11426,986.60507027041,1.0
6893,225,11293,436.8562554779687,1.0
6893,205,10284,698.7521688749608,1.0
6893,172,8648,1297.363622864375,1.0
6893,172,8626,970.1160505848632,1.0
6893,93,4683,663.2433992228515,1.0
6893,91,4592,881.2812343030077,1.0
6888,177,8857,698.7695697749218,1.0
6888,173,8693,394.8868084487109,1.0
6888,173,8669,700.7209337135155,1.0
6885,17,872,868.5251085417577,1.0
6885,10,540,1787.2003422860544,1.0
6883,30,1539,662.402316213164,1.0
6883,30,1535,685.3279588153905,1.0
6883,30,1503,1319.3949733207028,1.0
6881,75,3751,973.9117566528905,1.0
6881,72,3636,391.7483266355078,1.0
6881,70,3520,451.49120710429685,1.0
6871,4,248,750.3780547699608,1.0
6866,34,1738,1129.9445021596875,1.0
6865,113,5697,1497.4264963082032,1.0
6865,55,2769,426.13915498937496,1.0
6865,47,2361,746.1802993579881,1.0
6861,158,7917,1510.9031546881247,1.0
6861,112,5605,825.6369832612108,1.0
6861,12,615,572.2851754353514,1.0
6861,10,526,1333.3333822559375,1.0
6861,6,313,656.3180180002929,1.0
6861,5,270,723.8736372817186,1.0
6859,140,7020,997.2663047316796,1.0
6859,3,189,741.7401971689452,1.0
6859,2,113,1131.7814264102344,1.0
6859,0,18,675.7233815577733,1.0
6855,3,165,685.7853731138085,1.0
6854,109,5496,253.69467797810537,1.0
6854,56,2843,1199.9361078521874,1.0
6854,54,2710,523.5415714545702,1.0
6854,52,2645,885.8474996245702,1.0
6854,50,2525,1074.9953903924215,1.0
6850,72,3650,932.4115235730468,1.0
6832,46,2310,884.9118583509375,1.0
6832,46,2301,898.927737432207,1.0
6830,97,4860,1268.095984049336,1.0
6829,54,2744,802.2713557578124,1.0
6828,119,5967,907.7427166487108,1.0
6828,115,5762,1320.2697208080467,1.0
6827,73,3655,1339.2365593741797,1.0
6827,70,3518,743.0748936749609,1.0
6826,78,3910,749.9992270383592,1.0
6826,70,3535,642.4020763111718,1.2737701651079822
6824,115,5780,293.0858429543163,1.0
6824,114,5734,908.8349026293163,1.0
6805,244,12244,542.2793480939843,1.0
6805,243,12160,1000.0682823607812,1.0
6805,242,12114,787.7842423751953,1.0
6801,167,8385,1092.8775662190233,1.0
6798,131,6563,350.65501926830075,1.0
6797,60,3023,1467.3146077848437,1.0
6793,19,975,650.2794553457812,1.0
6789,133,6668,596.8054904054492,1.0
6789,130,6520,783.5558393349999,1.0
6789,128,6404,1182.2161240371092,1.0
6787,209,10479,659.9244521399022,1.0
6787,204,10220,465.7315400109863,1.0
6787,202,10150,935.134942885703,1.0
6787,117,5900,710.5448120896679,1.0
6787,117,5887,937.242302010039,1.0
6787,117,5874,469.1376855120507,1.0
6787,111,5578,1389.7199126886717,1.0
6785,4,235,1220.3373798817966,1.0
6783,233,11674,1414.5742637635153,1.0
6783,229,11455,582.427473514453,1.0
6783,221,11079,821.4062782217968,1.0
6783,220,11034,916.7911534117968,1.0
6783,133,6662,887.0316905943749,1.0
6783,127,6362,780.0953245260937,1.0
6783,125,6284,856.7048911959764,1.0
6783,124,6203,586.73938273375,1.0
6783,98,4950,1354.5761905321092,1.0
6783,98,4921,987.0207070220312,1.0
6780,178,8946,824.7515792822851,1.0
6778,13,671,1073.9870506152538,1.0
6777,42,2148,546.8371454311913,1.0
6777,42,2133,872.663484019707,1.0
6777,36,1832,900.2419626759764,1.0
6777,36,1814,1044.914975197617,1.0
6773,3,170,678.5082219803124,1.0
6768,166,8330,985.2120921295116,1.0
6768,166,8323,1016.0026415171874,1.0
6768,66,3323,600.5092883539061,1.0
6768,64,3224,654.6658587681248,1.0
6768,63,3156,1491.7857994564451,1.0
6768,61,3095,430.8163536575781,1.0
6768,60,3030,917.5175673509765,1.0
6748,47,2390,1044.2704552219138,1.0
6748,45,2280,948.1196192603906,1.0
6747,1,78,356.22723113773435,1.0
6747,0,40,482.6146568351757,1.0
6747,0,22,802.0507193724218,1.0
6720,5,254,561.7791974417577,1.0
6720,3,199,180.8191249139843,1.0
6692,87,4398,1037.3237876621483,1.0
6689,104,5234,682.6721497951561,1.0
6689,102,5120,331.20874078665037,1.0
6687,116,5846,663.9370059657812,1.0
6687,116,5812,314.8977945884961,1.0
6687,112,5605,466.9234093672656,1.0
6687,75,3771,767.0972000077538,1.0
6687,71,3595,1421.446758690859,0.9241904867069053
6687,70,3539,556.3090336272655,1.0
6683,69,3469,615.5072660776951,1.0
6683,68,3436,899.520406436621,1.0
6683,66,3326,673.9930847349999,1.0
6683,65,3283,969.3723033096093,1.0
6680,70,3524,695.7624603836327,1.0
6680,68,3412,956.1688594694921,1.2892494666862042
6680,67,3398,1539.3010195137108,1.0
6680,67,3379,1334.2451593119922,1.0
6680,65,3266,839.4577800298632,1.0
6668,84,4237,747.980323505371,1.0
6664,136,6803,349.9841464091406,1.0
6664,133,6688,830.149964263828,1.0
6664,131,6560,713.8403439685936,1.0
6664,128,6415,777.2230357901464,1.0
6663,160,8024,790.4061006822654,1.0
6653,115,5799,772.8840687374413,1.0
6653,113,5671,769.786182840078,1.0
6649,27,1387,1240.767002909336,1.0
6647,244,12206,871.7303265932811,1.0
6647,70,3507,315.0723082812304,1.0
6642,114,5747,1068.5584023296874,1.0
6634,109,5466,349.2741745116211,1.0
6634,101,5095,484.6489995036718,1.0
6634,93,4657,1247.973780696484,1.0
6634,86,4337,355.6386421923437,1.0
6631,10,533,861.8146719722655,1.0
6631,4,211,367.9559232989648,1.0
6631,1,94,665.2117927921093,1.0
6630,61,3100,404.09495168062494,1.0
6630,61,3062,1086.1963626694528,1.0
6630,55,2774,900.0590614474901,1.0
6630,51,2577,946.0316993613866,1.0
6625,32,1628,1143.2517376332812,1.0
6625,26,1346,1188.2434961805466,1.0
6622,100,5011,751.3743016736718,1.0
6622,99,4999,393.3417241828515,1.0
6622,96,4841,945.2390428725389,1.0
6622,95,4790,848.7755008446874,1.0
6622,93,4671,838.4188420543749,1.0
6622,92,4628,1023.2556175195116,1.0
6622,27,1379,752.4122958152733,1.0
6622,24,1222,945.4919336235937,1.0
6622,20,1035,753.8386816308592,1.0
6620,57,2885,1728.2805095931249,1.0
6616,107,5387,659.613504865,1.0
6616,105,5252,930.8095445785546,1.0
6615,154,7740,734.5941818661718,1.0
6615,154,7728,933.0499291905663,1.0
6614,168,8436,791.0434746681053,1.0
6614,124,6215,1335.6167008213279,1.0
6614,48,2435,862.1032282191405,1.0
6598,14,739,1606.970979729922,1.0
6596,121,6090,690.7027088098437,1.0
6592,150,7538,1431.7554864743747,1.0
6589,165,8274,1334.097328547109,1.0
6589,162,8149,783.1005464265429,1.0
6589,160,8020,847.2828043106249,1.0
6582,10,548,1291.56212338666,1.0
6579,118,5915,606.6750989335936,1.0
6579,116,5828,697.5234314731249,1.0
6577,87,4385,679.3149522935936,1.0
6573,31,1591,794.961888004453,1.0
6573,31,1574,1014.6549339997265,1.0
6573,30,1538,422.96051500312495,1.0
6564,75,3761,782.5069489827929,1.0
6564,75,3758,1333.3625223953613,1.0
6562,160,8002,526.9187515138085,1.0
6551,114,5744,819.3642719459374,1.0
6551,114,5743,899.5768370055077,1.0
6551,112,5607,846.2560672203515,1.0
6551,111,5592,1254.516663326836,1.0
6549,44,2248,353.8347106808496,1.0
6546,42,2117,872.2363291300389,1.0
6534,62,3148,849.0846658819921,1.0
6525,31,1574,887.0186888725585,1.0
6525,31,1555,1071.4717435368748,1.0
6525,29,1458,1223.414801424297,1.0
6525,28,1444,1381.998084895703,1.0
6525,28,1406,1439.822958723203,1.0
6521,120,6011,1005.0896097686523,1.0
6521,118,5916,587.1536051440429,1.0
6497,44,2238,868.3262855683397,1.0
6494,73,3667,686.3155415005468,1.0
6494,71,3597,1047.080610856875,1.0
6494,71,3562,963.9989939299609,1.0
6494,70,3501,1248.497708158789,1.0
6493,15,786,365.50183797533197,1.0
6493,14,708,549.9057812817576,1.0
6493,13,665,387.35464089394526,1.0
6468,63,3195,1056.226535740664,1.0
6467,110,5511,755.4349052261717,1.0
6467,106,5328,1163.230005167617,1.0
6462,32,1633,1092.639119510703,1.0
6462,9,489,1210.376815020547,1.0
6462,6,333,574.3781899172656,1.0
6461,61,3098,342.4593478120898,1.0
6453,101,5088,777.2427547407616,1.0
6448,182,9121,541.9062143941405,1.0
6448,117,5861,1362.0163793183983,1.0
6448,111,5595,891.1782281619921,1.0
6448,98,4948,661.9115694398046,1.0
6448,90,4532,811.8939744089062,1.0
6440,191,9567,441.418790965664,1.0
6440,188,9424,702.7957839495311,1.0
6440,137,6897,260.51669510882806,1.0
6440,19,961,1412.7287725876954,1.0
6440,12,613,579.4850549324218,1.0
6431,27,1395,431.2418262417773,1.0
6429,163,8181,697.9997389744921,1.0
6429,159,7984,427.89555423994136,1.0
6429,157,7865,734.0502273236523,1.0
6429,153,7680,428.33073963261717,1.0
6429,104,5228,961.2176195444334,1.0
6428,35,1784,459.575734428125,1.0
6428,28,1433,922.674760701914,1.0
6426,160,8019,404.1296725108984,1.0
6426,117,5880,975.5352794658593,1.0
6419,13,659,1155.735495413242,1.0
6412,147,7364,1488.9858005376173,1.0
6412,144,7248,1239.6684226469724,1.0
6412,139,6963,811.4638473566015,1.0
6410,9,458,1049.7719784835936,1.0
6409,15,753,420.0884422677929,1.0
6409,14,734,1113.423069112578,1.0
6407,80,4034,449.30944514999993,1.0
6407,32,1601,631.3659414299217,1.0
6406,169,8486,659.0138261291405,1.0
6406,144,7215,931.5849647391796,1.0
6404,186,9341,789.8350069253514,1.0
6383,8,447,1208.0625380701172,1.0
6383,6,319,1250.9555568312499,1.0
6380,169,8470,339.8147184969043,1.0
6380,166,8319,1014.1520375851561,1.0
6379,19,993,1433.805168019121,1.0
6379,14,731,391.8560205244531,1.0
6379,12,649,954.5789967742187,1.0
6379,12,627,407.49414632023434,1.0
6376,37,1867,333.3074218246484,1.0
6371,22,1126,1510.864951735039,1.0
6369,67,3376,752.0966319110155,1.0
6369,61,3058,953.693377458789,1.0
6362,112,5616,1372.9770267294725,1.0
6356,169,8451,1366.487253015156,1.0
6347,182,9132,1262.3975473428904,1.0
6347,180,9039,648.3454712239648,1.0
6347,180,9012,633.7716297795507,1.0
6344,11,597,623.027605020078,1.0
6342,54,2740,1526.9613578075391,1.0
6342,54,2719,587.0517804355468,1.0
6342,54,2706,1016.3895857371288,1.0
6341,110,5525,679.3228927683202,1.0
6341,106,5308,631.3566323121094,1.0
6341,103,5197,851.2455202049608,1.0
6341,7,368,432.0765478030664,1.0
6339,95,4794,692.5187546108398,1.0
6339,77,3887,903.0346818771484,1.0
6339,73,3693,643.8064981161523,1.0
6339,71,3590,831.4509179370995,1.0
6336,17,883,845.0328008196093,1.0
6329,9,487,705.915637190039,1.0
6329,9,474,338.53860328406245,1.0
6327,89,4453,576.7614172494921,1.0
6325,43,2173,569.6106585860156,1.0
6325,42,2135,1215.7592861823437,1.0
6325,39,1994,449.9484467741601,1.0
6324,54,2716,976.7492577049218,1.0
6324,48,2416,983.5310437543749,1.0
6324,46,2335,1217.6285076744139,1.0
6319,80,4003,962.5078854581249,1.0
6319,77,3887,634.0991894383202,1.0
6318,101,5085,744.2267070098436,1.0
6318,90,4543,530.809919040957,1.0
6318,84,4201,463.2701498676367,1.0
6318,79,3975,1141.4291125589843,1.0
6318,1,97,1306.4609181440233,1.0
6315,1,95,634.4096731354687,1.0
6315,1,85,503.64344419593743,1.0
6314,50,2501,512.9307816321191,1.0
6311,39,1968,890.0118340764843,1.0
6305,67,3375,1408.3798000834372,1.0
6301,107,5383,1247.3622180687498,1.0
6301,106,5314,331.96798014269524,1.0
6298,92,4606,343.5399728278906,1.0
6286,120,6039,547.1382613076952,1.0
6285,16,850,747.7462848223631,1.0
6285,13,666,318.7325670953515,1.0
6280,67,3353,569.0454823133202,1.0
6280,67,3351,764.3094179200781,1.0
6280,59,2966,1476.757974099453,1.0
6280,42,2102,402.86415390455073,1.0
6226,35,1755,752.7125699978125,1.0
6221,64,3225,1449.8132422523436,1.0
6221,12,618,1229.0742534980077,1.0
6218,66,3330,610.96684703875,1.0
6217,137,6895,263.0977759243359,1.0
6206,31,1567,318.44191847761715,1.0
6195,91,4586,822.0690399877343,1.0
6195,82,4132,468.03294558935545,1.0
6194,12,630,774.5638773417187,1.0
6194,7,381,1200.9034909294528,1.0
6183,99,4951,400.09858775722654,1.0
6172,11,596,895.0731240562499,1.0
6166,31,1586,911.370621600537,1.0
6163,65,3283,982.8778698120311,1.0
6157,86,4343,527.0203094832812,1.0
6157,60,3047,868.027057570078,1.0
6149,54,2749,661.9164041803905,1.0
6149,50,2513,1038.8299648022262,1.0
6146,46,2314,433.0609480940234,1.0
6146,45,2297,331.25931350355467,1.0
6139,64,3226,1396.4106768086326,1.0
6123,54,2743,704.8278214877733,1.0
6122,128,6433,1272.7935751017576,1.0
6118,46,2314,513.9077016180078,1.0
6118,41,2060,996.3852159269139,1.0
6113,88,4418,967.9353407499999,1.0
6111,50,2520,753.8440329712499,1.0
6111,48,2443,1509.5491102758397,1.0
6105,73,3664,1537.0476529875,1.0
6105,70,3529,1092.3667947130857,1.0
6105,69,3490,1219.0759569390625,1.0
6101,33,1682,792.336190093496,1.0
6101,33,1656,1043.4418060171874,1.0
6098,99,4952,387.1513926066601,1.0
6098,91,4597,527.7104563721092,1.0
6098,91,4572,454.56378887251947,1.0
6098,78,3942,738.6647475872558,1.0
6098,70,3542,656.1684963603906,1.0
6098,66,3319,631.1912402036718,1.0
6092,143,7199,734.219796534375,1.0
6092,80,4017,839.5266592541406,1.0
6092,48,2401,660.2141754341991,1.0
6079,18,929,997.2226962310839,1.0
6076,67,3353,1005.3352318365623,1.0
6076,66,3347,986.0027118350195,1.0
6076,29,1456,638.6440398789842,1.0
6063,18,928,905.8950657102733,1.0
6063,17,890,1101.3851043949608,1.0
6063,12,641,1478.366253660039,1.0
6058,155,7767,193.58969785224602,1.0
6058,153,7671,792.7285563349413,1.0
6043,36,1808,409.3873193778515,1.0
6043,33,1676,1488.1077616207422,1.0
6031,212,10638,744.2812218582811,1.0
6031,208,10406,586.7848462026171,1.0
6030,76,3849,688.263326483828,1.0
6030,65,3270,1096.5739437475781,1.0
6027,95,4777,741.1988336917382,1.0
6027,90,4522,1423.4063964398438,1.0
6027,33,1684,1306.3718391026364,1.0
6025,56,2804,641.3850353339452,1.0
6024,71,3593,1022.4680031657225,1.0
6024,58,2921,772.0471429238476,1.0
6022,112,5635,1311.7320723609373,1.0
6022,43,2192,359.8061756835644,1.0
6021,166,8350,575.5221777477733,1.0
6011,72,3645,1207.380985986621,1.0
6011,68,3442,600.4180291113476,1.0
6011,68,3414,302.689937002539,1.0
6001,9,458,595.3893840516406,1.0
6000,36,1826,1130.3736819423825,1.0
6000,19,966,589.3544552499218,1.0
6000,14,730,867.0507340741698,1.0
5986,20,1012,1169.4026430628514,1.0
5983,62,3147,563.9533264014452,1.0
5983,62,3122,1041.495858075234,1.0
5983,58,2920,1042.309768697773,1.0
5979,59,2962,1112.145890377461,1.0
5979,59,2960,400.1250143991406,1.0
5977,31,1585,517.6746624196875,1.0
5971,123,6176,595.9723862016209,1.0
5971,63,3198,403.2743815405273,1.0
5971,50,2513,633.0179717521679,1.0
5969,20,1005,873.8602114936717,1.0
5968,15,760,452.22089499119136,1.0
5968,14,731,737.7046707546093,1.0
5968,11,596,807.9729248184765,1.0
5966,211,10562,995.1750861881249,1.0
5966,210,10550,1186.2696280035157,1.0
5966,209,10466,650.7711474826561,1.0
5966,169,8474,1327.463464654531,1.0
5965,10,549,738.1372764167968,1.0
5964,6,322,393.70824266422846,1.0
5959,2,142,748.0455580295311,1.0
5959,1,59,926.1875023973046,1.0
5948,52,2640,1035.6757721515623,1.0
5935,55,2775,684.9891224899218,1.0
5932,2,131,1242.5935119105857,1.0
5930,49,2454,916.294226193789,1.0
5918,14,710,412.74622727775386,1.0
5918,13,677,280.46808221146483,1.0
5918,11,596,910.1465421560937,1.0
5916,27,1373,552.7435425721093,1.0
5916,24,1223,602.227345675371,1.0
5915,128,6417,715.9914074225194,1.0
5915,127,6378,714.6541058546093,1.0
5915,98,4912,338.18775041443354,1.0
5914,70,3530,392.4952087608886,1.0
5914,65,3282,1460.3864944785937,1.0
5914,64,3248,397.57621945258785,1.0
5914,63,3178,590.7859225583983,1.0
5914,62,3122,957.2764547515428,1.0
5914,12,650,537.3024589862108,1.0
5914,3,164,795.6325831166796,1.0
5912,76,3827,1215.9050593378124,1.0
5909,9,497,1044.4132562641016,1.0
5894,59,2951,613.7611679871483,1.0
5894,55,2755,702.8746833304882,1.0
5894,54,2723,465.57495809664056,1.0
5774,18,922,1656.0682746413672,1.0
5774,10,509,454.91971309962884,1.0
5773,7,365,992.4638731558398,1.0
5773,5,287,824.294311719492,1.0
5773,1,70,226.8941588616796,1.0
5625,213,10669,544.2890484841796,1.0
5625,65,3275,789.3587327605077,1.0
5625,56,2848,1189.5419619039353,1.0
5624,60,3025,822.3038969340136,1.0
5624,52,2627,471.36846722199215,1.0
5618,46,2332,991.4558284207811,1.0
5604,49,2488,1914.0181352947657,1.0
5604,42,2148,436.8314627873242,1.0
5604,34,1737,1151.8332375293162,1.0
5604,21,1052,1227.9142155773047,1.0
5604,12,643,667.0463230776171,1.0
5600,98,4931,1047.7937120043357,1.0
5597,7,383,1867.98788672208,1.4462513706970967
5597,1,55,545.9746619484764,1.0
5589,0,40,1163.1671665367967,1.0
5588,208,10426,557.7844243748632,1.0
5588,207,10361,905.8154186819139,1.0
5588,132,6628,526.4938694993358,1.0
5588,130,6532,506.57672643724607,1.0
5581,10,515,1564.1153693028123,1.0
5581,9,474,873.4855892674999,1.0
5579,13,653,689.0281561717186,1.0
5579,12,632,1136.4878390666208,1.0
5578,52,2603,1363.8116333096873,1.0
5577,24,1239,589.2771206756248,1.0
5577,20,1007,646.5630897599609,1.0
5577,16,801,571.1070388740428,1.0
5577,15,754,499.87466602582026,1.0
5577,15,751,669.9955486793359,1.0
5565,35,1773,1348.0044253222654,1.0
5564,97,4888,1271.550351135039,1.0
5524,6,316,1066.957763284961,1.0
5524,4,232,638.8392164804686,1.0
5521,15,765,695.3590122299998,1.0
5519,185,9255,1127.7757174667968,1.0
5519,183,9200,586.0208253924999,1.0
5519,182,9114,1192.6134954953905,1.0
5519,28,1439,791.4919921063671,1.0
5516,89,4453,1359.586117594336,1.0
5516,8,410,917.9069210651757,1.0
5516,1,95,661.3278538060937,1.0
5514,18,923,914.8860191121092,1.0
5514,17,863,1242.8042469418747,1.0
5514,13,658,992.9760138331444,1.0
5513,28,1438,588.1966412878905,1.0
5512,134,6749,1136.2919817972265,1.0
5512,132,6646,902.8878755098436,1.0
5497,38,1913,1348.285137661836,1.0
5485,2,111,564.8392817925,1.0
5485,1,64,338.8605835011718,1.0
5470,63,3174,1105.8849178587107,1.0
5462,114,5734,445.51320963207024,1.0
5462,110,5511,791.7373356174022,1.0
5462,13,651,1267.3933943259763,1.0
5459,163,8166,1069.3242808124219,1.0
5458,81,4054,1075.9737864153708,1.0
5458,73,3663,1666.6057477015233,1.0
5457,16,843,666.3480681612108,1.0
5457,14,739,731.4821944010156,1.0
5457,14,706,1212.1061294916403,1.0
5444,26,1308,712.1789859748241,1.0
5444,23,1162,1274.3394470740918,1.0
5444,20,1050,780.5319028120897,1.0
5435,17,853,292.6949471695898,1.0
5433,39,1982,919.220579020664,1.0
5433,36,1850,404.3580535802148,1.0
5428,7,379,1001.6272397017577,1.0
5428,4,236,424.3244953830859,1.0
5411,173,8657,684.7738187101562,1.0
5411,171,8579,1006.0614251869334,1.0
5401,7,357,755.5587599756738,1.0
5399,3,173,358.596151237539,1.0
5399,2,144,538.1987307946873,1.0
5394,23,1158,843.7780901896874,1.0
5394,22,1145,961.2296199032811,1.0
5390,44,2225,372.20582377492184,1.0
5386,134,6740,1010.3156228935936,1.0
5384,29,1482,344.4749581690234,1.0
5377,32,1630,411.29664838914056,1.0
5377,32,1613,646.3294003849022,1.0
5377,27,1359,1106.392054475234,1.0
5377,15,792,530.9322627028124,1.0
5376,14,709,1253.980054973867,1.0
5375,39,1993,888.1671148984765,1.0
5375,37,1874,1084.7761679411524,1.0
5375,13,683,1166.1084418635546,1.0
5375,11,558,820.9455455922459,1.0
5374,49,2477,852.5008293044335,1.0
5374,44,2235,2036.5160626511133,1.0
5364,23,1158,1069.198332375,1.0
5364,21,1092,283.5371850049804,1.0
5364,21,1056,910.117810023203,1.0
5361,9,453,937.2052694555858,1.0
5360,8,426,894.0176861661328,1.0
5360,0,27,1395.23296513291,1.0
5354,27,1369,1559.6938299653907,1.0
5351,93,4669,1256.1387540009373,1.0
5351,86,4319,718.3786729371483,1.0
5331,68,3422,975.5783839768359,1.0
5331,62,3135,252.72529052724602,1.0
5330,32,1608,1265.1245605092186,1.0
5326,131,6574,1261.445552378672,1.0
5326,130,6534,523.2424859450683,1.0
5326,126,6342,312.38784381074214,1.0
5326,122,6103,1194.5850555629295,1.0
5211,91,4590,1231.3888041956247,1.0
5205,18,936,1050.2900403624803,1.0
5195,0,4,971.284578849746,1.0
5191,85,4254,695.8299860593554,1.0
5187,232,11605,1370.4389901423438,1.0
5187,197,9864,801.2274927558007,1.0
5187,193,9659,1234.1399081433983,1.0
5185,55,2763,1061.7955708696873,1.0
5171,15,760,354.0157343639648,1.0
5169,128,6404,601.9465934271093,1.3025741305315306
5169,125,6273,806.5491438923045,1.0
5157,26,1305,692.506442811328,1.0
5157,21,1052,995.4536065001562,1.0
5155,120,6013,832.3757703976269,1.0
5143,68,3417,704.2515733939842,1.0
5143,65,3280,527.6054177630858,1.0
5139,95,4779,1372.1292799114062,1.0
5139,95,4768,1030.558591273164,1.0
5137,0,38,996.4908026315038,1.0
5127,131,6563,958.3483967621484,1.0
5127,131,6557,564.3126345458397,1.0
5092,145,7292,573.8325213685936,1.0
5092,141,7096,745.9431796564647,1.0
5092,72,3615,678.891687480742,1.0
5092,71,3587,748.1533287608202,1.0
5091,6,313,891.83147419666,1.0
5090,184,9202,1187.5980439366012,1.0
5090,180,9049,665.6469218284374,1.0
5090,79,3988,462.674457493789,1.0
5090,78,3944,683.1987165566405,1.0
5078,74,3714,1392.2931086674216,1.0
5075,39,1973,944.0938692098437,1.0
5068,61,3076,626.0738269703905,1.0
5067,23,1171,534.5192996473827,1.0
5067,3,169,580.791497621953,1.0
5066,8,439,1234.215615886113,1.0
5066,2,128,442.77223275869136,1.0
5055,34,1719,845.667464675742,1.0
5051,28,1416,511.0384404899804,1.0
5051,0,21,1466.3229517217578,1.0
5049,38,1948,1226.485421560234,1.0
5046,83,4193,782.788448863789,1.0
5042,26,1344,575.0114890229687,1.0
5042,23,1168,752.1719712481737,1.0
5021,61,3058,962.4067218021484,1.0
5021,39,1972,913.8244326323241,1.0
5021,36,1835,998.3284998051562,1.0
5021,32,1611,1169.197573688789,1.0
5019,32,1643,1354.4203465364062,1.0
5017,9,463,555.3451419646093,1.0
5013,162,8108,1676.5681966404295,1.0
4998,85,4267,577.7605847637109,1.0
4992,188,9426,564.7160003667967,1.0
4992,135,6779,626.785733578242,1.0
4992,134,6720,1102.072937449453,1.0
4992,134,6717,1408.4378959077344,1.0
4991,2,111,732.4852129222264,1.0
4991,2,105,562.3944923059374,1.0
4986,23,1152,1739.2948266562498,1.0
4982,58,2937,560.1190131626562,1.0
4981,12,623,1475.8214197158009,1.0
4981,11,551,596.1969514082421,1.0
4974,3,182,1309.9237187760546,1.0
4971,155,7763,541.0232339526757,1.0
4971,154,7702,1418.1548792665817,1.0
4971,29,1482,991.8752047121874,1.0
4969,0,20,847.1398938589257,1.0
4966,3,154,652.4819210448437,1.0
4962,154,7749,1194.0275138823044,1.0
