18959,7,368,887.5848901746483,1.0
18958,52,2601,1417.1365743959764,1.0
18958,7,391,441.19468067351556,1.0
18958,7,360,828.4116134239453,1.0
18957,434,21703,1256.5151104888282,1.0
18957,211,10599,598.7647170813866,1.0
18957,194,9737,845.523517084453,1.0
18957,194,9729,914.8254089963671,1.0
18957,110,5522,884.2426888239843,1.0
18955,324,16250,281.75492318236326,1.0
18954,372,18608,416.3112898927734,1.0
18954,75,3797,690.3408577610155,1.0
18953,487,24379,858.3283452819139,1.0
18953,355,17789,715.3763797107812,1.0
18953,349,17494,680.710646162539,1.0
18953,253,12655,998.6897102248827,1.0
18953,138,6923,560.5090967935156,1.0
18953,83,4175,894.551318014082,1.0
18953,1,62,1285.7764518703711,1.0
18951,291,14562,753.1887073913475,1.0
18951,202,10103,731.7646464062109,1.0
18951,202,10101,760.3861306403905,1.0
18947,185,9251,654.4674067401171,1.0
18947,161,8051,637.4745691023827,1.0
18947,89,4481,894.6299188929686,1.0
18947,70,3518,1340.2745159173437,1.0
18947,70,3501,571.5611955826171,1.0
18944,88,4439,518.9701102208397,1.0
18937,71,3588,436.2764921955078,1.0
18935,73,3688,993.124742975703,1.0
18933,246,12346,367.67246203749994,1.0
18933,78,3940,702.9217623853807,1.0
18929,412,20632,603.9817454583983,1.0
18929,303,15156,322.1438435716796,1.0
18929,229,11466,744.5980796914843,1.0
18929,118,5903,1004.0203584715233,1.0
18929,90,4524,532.1403695475,1.0
18929,73,3682,697.6227579798827,1.0
18929,36,1804,517.3419774942187,1.0
18928,177,8862,1142.0611648038575,1.0
18928,130,6520,1182.6251288760154,1.0
18928,111,5572,916.128152251621,1.0
18928,96,4807,646.2206730449999,1.0
18928,30,1528,967.177264409746,1.0
18926,186,9326,1843.8108602557031,1.0
18926,130,6531,337.114613890332,1.0
18924,57,2876,786.0058773818358,1.0
18924,56,2843,1188.2367292267186,1.0
18924,56,2806,1375.731626184453,1.0
18924,0,46,819.3467644563281,1.0
18923,630,31548,502.1821997921093,1.0
18923,600,30015,792.5865576004101,1.0
18923,498,24909,609.530918431328,1.0
18923,346,17337,629.6618631999218,1.0
18923,164,8204,812.9778501951171,1.0
18923,107,5382,668.2434549870312,1.0
18922,644,32223,314.0428400028515,1.0
18922,611,30575,620.8338194378515,1.0
18922,529,26496,1023.352245580371,1.0
18922,479,23981,734.243653110664,1.0
18922,449,22496,868.8078678242967,1.0
18922,428,21412,498.60525536992185,1.0
18922,423,21152,581.5550124051562,1.0
18922,393,19672,1023.2485557313476,1.0
18922,383,19197,994.2471841421874,1.0
18922,299,14969,364.62047951148435,1.0
18922,298,14916,609.8214339899022,1.0
18922,51,2567,410.76143769039055,1.0
18922,51,2555,813.6794380373241,1.0
18922,26,1340,604.6939336835155,1.0
18921,5,260,743.1013753340625,1.0
18918,61,3069,621.6045744479687,1.0
18915,285,14257,726.6161039197656,1.0
18915,140,7007,416.7640957126953,1.0
18911,83,4167,936.8695447832812,1.0
18911,48,2421,1009.02452471541,1.0
18910,195,9763,1391.8507752920314,1.0
18910,18,930,984.6539579656248,1.0
18910,9,493,978.4308864592577,1.0
18910,9,467,686.3083061699218,1.0
18907,144,7207,576.6519381697655,1.0
18907,125,6294,601.9438877778515,1.0
18907,65,3270,697.7843949843749,1.0
18907,49,2491,1186.234272419375,1.0
18903,26,1307,410.99864193371087,1.0
18903,18,942,763.2009389113671,1.0
18903,18,907,603.9300745855272,1.0
18901,15,766,670.5035218489843,1.0
18882,116,5834,1083.9888666098827,1.0
18874,240,12021,1082.8439372318749,1.0
18874,209,10481,474.7271516880664,1.0
18874,158,7939,543.9256788485351,1.0
18865,75,3781,1255.790963317363,1.0
18865,6,314,623.7531944174217,1.0
18863,191,9577,618.4816432802733,1.0
18862,573,28667,881.0169023550585,1.0
18862,472,23642,839.1926962042577,1.0
18862,319,15993,316.84510099630853,1.0
18862,206,10348,1120.8981004679686,1.0
18862,168,8425,780.6580243487695,1.0
18862,120,6025,657.0628858057031,1.0
18862,47,2391,1548.5128230905466,1.0
18860,116,5843,1259.2234633721482,1.0
18860,116,5840,922.8191701049999,1.0
18860,90,4528,792.2144322251366,1.0
18841,108,5428,1145.7925639393748,1.0
18794,287,14380,416.6418698727734,1.0
18794,258,12907,709.0359184605468,1.0
18794,160,8033,928.0500569414843,1.0
18794,118,5922,1073.1235126001561,1.0
18794,55,2764,1240.6499250452343,1.0
18794,44,2231,1165.349234453828,1.0
18781,139,6972,978.8418169633788,1.0
18781,104,5232,1185.1461395407418,1.0
18781,101,5096,636.7224008957617,1.0
18781,67,3376,859.9479671555467,1.0
18781,59,2982,324.5199931113281,1.0
18781,59,2978,781.5173771440234,1.0
18781,38,1936,708.9882474839452,1.0
18781,12,648,1332.9419160507423,1.0
18779,553,27658,1300.3607921098437,1.0
18779,551,27586,1329.237765972539,1.0
18779,391,19589,954.0087955981444,1.0
18779,391,19574,539.9004643145116,1.0
18779,283,14172,938.763651333828,1.0
18779,247,12356,677.4716302369922,1.0
18779,240,12039,1129.3685555691404,1.0
18779,240,12018,473.1623653845312,1.0
18779,235,11755,704.8080130326952,1.0
18779,210,10540,1245.6455885763671,1.0
18779,108,5403,869.6072811498827,1.0
18765,345,17259,693.250832940996,1.0
18765,321,16051,986.6883693303124,1.0
18765,239,11958,586.4243206521093,1.0
18765,140,7034,500.20605652580076,1.0
18764,111,5584,1137.9294640687012,1.0
18764,84,4211,1095.3415793824606,1.0
18764,8,448,1227.5678313695312,1.0
18761,81,4097,299.06599809007804,0.7839159871002332
18761,81,4066,423.1789819474804,1.0
18760,273,13654,664.2376253979296,1.0
18760,153,7679,856.084865499121,1.0
18756,30,1515,1069.0978494079295,1.0
18754,137,6888,895.5154188035937,1.0
18754,130,6532,952.6442207133592,1.0
18754,130,6513,258.88334469958005,1.0
18754,107,5399,1373.7998750211914,1.0
18754,20,1044,580.1455388634374,1.0
18753,27,1363,912.9441952191796,1.0
18752,363,18180,688.6668811455078,1.0
18752,26,1322,667.088922282285,1.0
18752,8,405,647.5273107280467,1.0
18750,239,11963,623.0823455553124,1.0
18750,237,11866,375.0618844932812,1.0
18748,64,3248,551.0065202695897,1.0
18748,32,1644,401.2982198592968,1.0
18740,216,10819,918.9085974115234,1.0
18740,41,2099,354.40432945627924,1.0
18740,38,1946,1302.2968114851951,1.0
18732,549,27494,547.1011924104687,1.0
18732,509,25497,1234.5215195395117,1.0
18732,503,25200,392.95233605582024,1.0
18732,503,25190,682.7351230478905,1.0
18732,382,19144,918.1753938853124,1.0
18732,327,16393,1246.4291658671873,1.0
18732,116,5836,1314.937636756621,1.0
18732,115,5774,933.8136082492186,1.0
18731,15,765,380.68675890406246,1.0
18714,99,4951,1558.397482835625,1.0
18714,26,1338,484.68027399792965,1.0
18712,306,15325,767.8542493541015,1.0
18712,233,11689,620.1852871238672,1.0
18712,182,9144,1155.7465595372264,1.0
18712,182,9101,657.7059925590233,1.0
18712,20,1017,1480.631041177539,1.0
18711,6,315,597.483869725742,1.0
18703,4,222,1773.8245545007812,1.0
18701,73,3664,1774.3580906423044,1.0
18701,71,3565,699.987577653203,1.0
18694,138,6948,505.55014232152337,1.0
18694,138,6939,646.7546258071678,1.0
18694,43,2152,1302.3884926456249,1.0
18692,152,7644,791.7004361909374,1.0
18692,152,7628,582.5696615190624,1.0
18692,138,6947,900.2261769467967,1.0
18692,129,6458,561.4626281861132,1.0
18692,107,5358,987.8739198828905,1.0
18692,62,3144,638.0610206692479,1.0
18690,89,4493,494.4354991740234,1.0
18689,54,2728,713.6146234279687,1.0
18689,47,2374,1424.7690934586717,1.0
18687,567,28397,874.350840238828,1.0
18687,536,26849,850.4983424082226,1.0
18687,536,26818,451.8926768832617,1.0
18687,536,26815,623.1744532846093,1.0
18687,534,26734,549.1297910443162,1.0
18687,452,22641,637.0548885370116,1.0
18687,314,15722,1120.2940621417188,1.0
18687,292,14602,776.6745706382811,1.0
18687,288,14425,545.7955891222265,1.0
18687,114,5717,1344.1462273043749,1.0
18687,114,5702,660.6248282387498,1.0
18687,17,866,1265.3770195170896,1.0
18685,540,27033,384.70616803789056,1.0
18685,527,26361,666.6456459071874,1.0
18685,487,24393,954.3375129817382,1.0
18685,337,16858,643.4556576607812,1.0
18685,235,11757,1416.9993501411718,1.0
18685,209,10453,439.5044348932031,1.0
18685,157,7894,851.3283630171874,1.0
18685,136,6843,1310.9363207136716,1.0
18685,97,4895,316.1917206723437,1.0
18685,97,4876,870.5481913877343,1.0
18678,275,13755,934.3017972284764,1.0
18678,164,8245,624.8953001896874,1.0
18678,78,3915,667.3916703883398,1.0
18678,78,3907,1112.853949614082,1.0
18677,351,17551,894.3785965979686,1.0
18677,120,6039,647.8687454084373,1.0
18676,565,28273,322.8012090555859,1.0
18676,233,11696,982.5245898196092,1.0
18666,92,4630,566.1142438531639,1.0
18666,61,3065,345.23200310117187,1.0
18666,51,2579,552.9667565684374,1.0
18666,30,1541,602.2612302932031,1.0
18665,376,18847,460.21469732064446,1.0
18665,328,16425,939.7423028503124,1.0
18665,235,11800,574.5618599245897,1.0
18665,235,11795,465.510630937207,1.0
18665,235,11765,986.8733379676269,1.0
18665,25,1265,327.3950540482031,1.0
18658,47,2379,1683.9275057853124,1.0
18658,46,2342,906.1365536587695,1.0
18653,68,3443,1199.6696949664843,1.0
18653,64,3208,1050.4779409929688,1.0
18650,24,1212,824.2854393371093,1.0
18647,304,15217,1165.4425313023044,1.0
18647,304,15212,729.5248859325781,1.0
18647,264,13213,736.0267690818554,1.0
18636,102,5107,522.0574688482811,1.0
18632,103,5197,840.0194251198241,1.0
18631,156,7843,741.8118654171874,1.0
18631,66,3329,473.3681390996874,1.0
18631,15,757,1043.4552368664063,1.0
18628,37,1858,778.0585584371483,1.0
18628,17,878,415.2050198578515,1.0
18619,116,5843,530.5783625589843,1.0
18615,534,26747,799.0595279998046,1.0
18615,499,24963,293.50738778994133,1.0
18615,479,23982,971.0245203685155,1.0
18615,479,23960,522.6026556087694,1.0
18615,256,12827,1220.0437260904491,0.8096735314494465
18615,112,5609,1077.9651917415622,1.0
18612,105,5256,1036.768792396328,1.0
18610,175,8779,915.1844727078906,1.0
18610,7,394,1028.771354249492,1.0
18604,158,7942,754.9121796618163,1.0
18604,124,6218,383.56532199064446,1.0
18603,38,1941,1279.8462368661717,1.0
18603,5,298,958.7058966899218,1.0
18577,162,8131,437.77183556238276,1.0
18577,162,8124,462.81307972783196,1.0
18574,317,15882,1488.7491110748829,1.0
18574,309,15490,834.9060484141405,1.0
18574,301,15075,825.2853986906053,1.0
18574,239,11993,939.9048341042186,1.0
18574,216,10829,1323.6540791069724,1.0
18574,105,5256,511.4040591008984,1.0
18574,93,4676,743.1624499929296,1.0
18574,13,691,897.0772393483202,1.0
18526,59,2978,749.8515396365233,1.0
18516,412,20624,860.172472217578,1.0
18516,403,20194,775.2215615782811,1.0
18516,284,14222,778.244254547578,1.0
18516,284,14214,934.9591858081249,1.0
18516,175,8778,1577.9709381673242,1.0
18516,175,8772,686.0566302795506,1.0
18516,175,8754,707.1201745548436,1.0
18516,172,8608,826.2513478256444,1.0
18515,33,1668,1033.3734725374215,1.0
18514,578,28915,757.5834388286913,1.0
18514,334,16734,677.3400346683593,1.0
18514,210,10538,919.4013113053905,1.0
18514,138,6937,849.9284817970312,1.0
18514,80,4050,636.2054857941406,1.0
18514,80,4008,346.5077933796288,1.0
18514,28,1434,865.2798116518749,1.0
18510,377,18878,426.74252922181637,1.0
18510,209,10493,472.4087770045312,1.0
18510,170,8547,671.9826111453515,1.0
18508,141,7091,768.865141003203,1.0
18508,141,7081,815.9050910630077,1.0
18508,125,6300,892.4937150821092,1.0
18505,6,313,453.3782367693945,1.0
18499,166,8346,1493.1949594892185,1.0
18499,162,8106,972.8298619552734,1.0
18499,118,5909,485.19778704687496,1.0
18499,102,5108,1234.0432433172655,1.0
18499,5,264,355.51252614263666,1.0
18496,87,4365,707.9300882394531,1.0
18495,70,3529,1126.8848027667186,1.0
18492,537,26868,335.7595115905273,1.0
18492,500,25014,706.0036152564452,1.0
18492,454,22725,1385.4470114857813,1.0
18492,454,22721,571.1620304259374,1.0
18492,397,19892,843.7246927032811,1.0
18492,397,19880,406.6654408397851,1.0
18492,337,16873,281.7015407613281,1.0
18492,168,8439,938.3961232696092,1.0
18490,191,9576,1120.2144958487106,1.0
18490,191,9567,458.02822389230465,1.0
18489,267,13383,594.3093061417968,1.0
18489,265,13290,1152.9688866982028,1.0
18489,195,9756,702.1752050682811,1.0
18481,124,6233,1301.5507948612108,1.0
18481,91,4594,942.5893847542479,1.0
18479,60,3024,1223.1763817358005,1.0
18474,276,13802,1224.6747221834962,1.2852916315485787
18468,275,13761,1240.5364497985156,1.0
18468,252,12616,1069.345653376074,1.0
18467,252,12609,537.631289270039,1.0
18467,246,12345,799.7875514542773,1.0
18467,244,12246,1247.412943338125,1.0
18467,198,9904,1051.67008901999,1.0
18467,51,2569,500.8837913950781,1.0
18286,116,5805,984.7287077148827,1.0
18283,99,4998,903.8171827936718,1.0
18283,83,4153,1328.3274167689842,1.0
18283,16,812,473.6376906355859,1.0
18282,105,5295,1548.1265850703903,1.0
18282,47,2367,1028.0016648552732,1.0
18272,133,6654,1318.5507444893556,1.0
18272,128,6412,539.0833536575,1.0
18272,118,5944,982.4877294485937,1.0
18272,118,5943,1082.877837597734,1.0
18269,44,2210,438.215844675957,1.0
18269,7,374,583.6006321109764,1.0
18268,8,425,1497.8018751482032,1.0
18268,8,416,790.3016283940624,1.0
18265,250,12539,928.2880118991795,1.0
18265,245,12254,616.5750615017577,1.0
18265,205,10274,846.7081064499804,1.0
18265,155,7770,518.9246842651561,1.0
18265,131,6577,1125.9838478308593,1.0
18265,96,4801,670.3935724344531,1.0
18265,81,4057,399.15596644642574,1.0
18257,40,2017,1086.5569808985938,1.0
18257,14,721,776.1488863922656,1.0
18257,11,558,1343.4855989089842,1.0
18253,170,8529,931.0443674858593,1.0
18253,170,8524,1277.1935745859373,1.0
18253,145,7286,319.67660924226556,1.0
18253,124,6208,543.4161794731639,1.0
18253,58,2925,322.26264825855463,1.0
18253,58,2918,1246.7675974985154,1.0
18253,48,2430,342.49322608566405,1.0
18253,48,2429,862.0764446898437,1.0
18253,16,813,882.1734413029296,1.0
18253,16,804,1342.6038105320508,1.0
18253,10,524,673.158287716328,1.0
18248,47,2371,956.0649572776952,0.9904037200031142
18246,30,1543,738.4100994743749,1.0
18246,30,1512,953.5925026130858,1.0
18245,65,3298,608.9358420143163,1.0
18245,65,3263,1586.9828380356248,1.0
18244,371,18583,980.9192432140624,1.0
18244,329,16486,1282.9250760353907,1.0
18244,223,11161,481.0976030673242,1.0
18244,214,10748,734.2717795623436,1.0
18244,214,10734,1231.8026304058594,1.0
18244,195,9787,646.8836152630859,1.0
18244,23,1177,338.7651262283496,1.0
18242,208,10404,1195.752078649121,1.0
18242,146,7344,859.7630271935351,1.0
18242,146,7316,716.7027303464453,1.0
18238,218,10903,864.4585406105077,1.0
18238,186,9339,711.6950227195312,1.0
18238,148,7447,1207.9296786896875,1.0
18238,25,1280,381.7728368294726,1.0
18235,26,1350,1223.054702322734,1.0
18234,31,1560,629.8074280195311,1.0
18233,264,13242,1227.6050964373044,1.0
18233,141,7078,1168.521509691992,1.0
18233,141,7060,759.2703829003124,1.0
18233,115,5751,1453.5969061541405,1.0
18228,179,8961,1265.284363630195,1.0
18228,76,3817,726.6863717420312,1.0
18228,76,3810,809.7978000177147,1.0
18228,76,3809,974.136534908203,1.0
18228,61,3068,595.2100267531054,1.0
18226,72,3618,569.6656342485936,1.0
18226,54,2740,1156.0989019221483,1.0
18226,35,1784,1305.8860018684763,1.0
18226,30,1546,742.0095242363476,1.0
18226,30,1513,928.6451910709374,1.0
18226,30,1506,840.0088057178319,1.0
18225,563,28159,621.6558045842577,1.0
18225,524,26249,1899.1138058086717,1.0
18225,361,18081,1007.752718979414,1.0
18225,361,18075,820.7403153501953,1.0
18225,321,16065,732.2387080594921,1.0
18225,264,13203,332.4166985438183,1.0
18225,227,11382,952.8115538999218,1.0
18225,227,11354,1435.4185044727342,1.0
18225,80,4009,349.559572167246,1.0
18225,10,524,531.2595115339452,1.0
18225,8,436,1018.8180871595312,1.0
18220,103,5178,741.4518856058984,1.0
18220,61,3068,450.2717512150781,1.0
18220,41,2076,1041.171346106914,1.0
18220,41,2065,981.9239091224608,1.0
18220,36,1805,1075.839590986875,1.0
18220,36,1803,359.26842816847653,1.0
18219,206,10336,1329.7260819612497,1.0
18219,154,7741,885.2846728632226,1.0
18219,152,7624,252.00281704638664,1.0
18218,337,16892,690.228115256875,1.0
18218,164,8232,1178.768473827578,1.0
18218,164,8210,339.5134407320507,1.0
18212,42,2124,408.6593503677148,1.0
18212,14,701,952.5539706346874,1.0
18212,8,418,1180.7045171833593,1.0
18062,267,13398,967.5033861827733,1.0
18062,259,12993,1682.2610730491406,1.0
18059,225,11279,1635.8548363980467,1.0
18059,63,3156,762.9481361736132,1.0
18059,23,1189,735.8114021194531,1.0
18057,11,593,473.29370954453117,1.0
18057,11,591,1256.380308908906,1.0
18057,11,560,1117.397240743242,1.0
18057,11,558,695.9118484008202,1.0
18054,500,25011,703.7447690016014,1.0
18054,342,17105,1091.1392122808593,1.0
18054,330,16538,1233.797770001367,1.0
18054,330,16536,455.6525357020703,1.0
18054,330,16529,1205.8690117450583,1.0
18054,268,13409,670.0384904691796,1.0
18054,2,132,618.1621127816601,1.0
18049,3,177,806.6019630040233,1.0
18048,13,658,868.0860613149413,1.0
18044,527,26354,760.9329215043749,1.0
18044,515,25797,539.568378120117,1.0
18044,487,24376,1414.6895163379686,1.0
18044,312,15619,999.6652891733593,1.0
18044,252,12644,726.8176935649608,1.0
18044,217,10884,452.65579085568356,1.0
18044,55,2771,537.0464148076561,1.0
18041,73,3656,546.1190585483007,1.0
18040,37,1870,524.2056538002831,1.0
18039,178,8916,752.537819145039,1.0
18039,172,8645,1426.699601750664,1.0
18037,35,1769,671.8277929338085,1.0
18037,32,1617,626.2081714280467,1.0
18035,132,6640,234.79889731550773,1.0
18035,132,6615,766.2280656811328,1.0
18034,141,7054,828.4600001573436,1.0
18032,563,28199,1174.4004210479493,1.0
18032,440,22029,1317.87701174832,1.0
18032,389,19495,904.5836301767187,1.0
18032,310,15547,749.7056134649217,1.0
18032,299,14980,687.5749772591796,1.0
18032,283,14192,482.2323223930078,1.0
18032,122,6130,618.9215244239061,1.0
18026,147,7387,747.2805051691796,1.0
18024,559,27959,355.7772094341796,1.0
18024,518,25932,864.460530585703,1.0
18024,509,25493,771.4992540336913,1.0
18021,471,23574,442.5571305134765,1.0
18021,471,23561,929.3775226230467,1.0
18021,215,10781,1259.9626734832618,1.0
18021,136,6850,1026.3334001884373,1.0
18021,136,6848,742.0143585949999,1.0
18021,136,6833,588.3557160240233,1.0
18018,44,2213,570.5007551168554,1.0
18018,6,346,809.0840676265624,1.0
18018,6,334,448.8520508776757,1.0
18018,6,324,714.7271243597655,1.0
18018,6,302,746.2206804708397,1.0
18014,36,1826,748.7952554297655,1.0
18014,36,1815,987.5345961270605,1.0
18014,36,1814,496.94346616548825,1.0
18014,6,327,916.5534009374218,1.0
18010,133,6679,660.2681815160742,1.0
18010,133,6673,1056.21981989,1.0
18005,115,5778,1339.858586484922,1.0
17998,170,8540,1060.4226147525778,1.0
17998,170,8513,681.9286609103905,1.0
17998,167,8371,212.93224821494132,1.0
17998,152,7615,936.4708439256249,1.0
17996,83,4151,1005.7655219267967,1.0
17990,546,27329,1009.3846425222363,1.0
17990,489,24498,1320.966611298125,1.0
17990,198,9945,1233.997122028984,1.0
17990,198,9931,961.7776456246874,1.0
17990,97,4899,1039.7977642811911,1.0
17990,97,4897,883.2443638980468,1.0
17990,97,4878,1245.9184076723045,1.0
17990,49,2490,753.9848366089843,1.0
17989,67,3400,832.951174228242,1.0
17989,67,3370,620.991816040039,1.0
17989,14,741,391.25084191453124,1.0
17987,212,10629,575.6961604551951,1.0
17987,88,4417,924.302274929414,1.0
17987,88,4410,635.4480773012109,1.0
17986,118,5950,795.9187997346679,1.0
17985,310,15536,348.3554026016015,1.0
17985,234,11712,478.00419534207026,1.0
17985,226,11326,614.722404771914,1.0
17985,224,11202,503.7055099350976,1.0
17985,209,10452,720.6298839843749,1.0
17985,162,8119,1529.135369609961,1.0
17985,161,8068,1481.5746261797167,1.0
17985,72,3612,804.9699594828905,1.0
17984,52,2626,263.8819589982812,1.0
17983,31,1589,480.58499044988275,1.0
17983,31,1562,579.6044899135155,1.0
17983,23,1200,672.900324803955,1.0
17983,10,502,347.9034032123047,1.0
17978,383,19198,325.2480252590429,1.0
17978,376,18816,590.7318332268749,1.0
17978,350,17508,1530.1535799900585,1.0
17978,344,17206,371.64372155193354,1.0
17978,86,4310,375.2835684320117,1.0
17975,219,10965,596.7251894720312,1.0
17975,123,6191,634.8331916176171,1.0
17975,103,5195,791.5670709445311,1.0
17975,103,5162,435.921915942373,1.0
17975,62,3118,378.3470691605273,1.0
17974,276,13846,822.1303263181054,1.0
17974,276,13802,282.92345408724606,1.0
17973,72,3612,335.4256961918945,1.0
17973,67,3372,471.14527323429684,1.0
17973,20,1023,485.57611414453123,1.0
17972,203,10195,681.8718781141991,1.0
17972,203,10174,669.3747393307226,1.0
17965,14,748,507.7005500092187,1.0
17965,13,697,1245.0096660923437,1.0
17961,65,3290,468.1340818220312,1.0
17961,65,3274,551.8078472870312,1.0
17956,90,4505,794.3767362997264,1.0
17955,309,15481,1392.9630631771483,1.0
17955,309,15454,365.48855458249994,1.0
17955,304,15207,329.8071499299218,1.0
17955,33,1697,1546.5252808121872,1.0
17877,20,1037,508.75668763820306,1.0
17876,17,855,741.0280922701171,1.0
17875,209,10493,428.8894938978906,1.0
17875,1,99,1178.6591288235545,1.0
17875,1,53,301.80963151455074,1.0
17872,110,5521,489.08081030882806,1.0
17871,22,1124,1262.9094229273046,1.0
17866,173,8667,1109.0355727521483,1.0
17866,168,8429,561.9737109561718,1.0
17866,60,3018,1072.5455858794335,1.0
17865,407,20378,607.2790036857031,1.0
17865,407,20369,532.1418726758202,1.0
17861,337,16889,1136.2216575685547,1.0
17861,14,750,508.42067616529295,1.0
17861,6,303,531.1328959284764,1.0
17858,303,15180,381.8052571343945,1.0
17858,258,12927,1310.128983806836,1.0
17857,26,1332,1632.7684884741016,1.0
17855,282,14142,976.3588062484374,1.0
17853,43,2191,787.3366706939843,1.0
17853,14,740,758.1239278941796,1.0
17853,14,727,658.0108251491405,1.0
17853,14,722,1366.12163428125,1.0
17851,154,7702,548.1913008353905,1.0
17851,144,7213,860.8150304660741,1.0
17851,117,5861,257.36148781085933,1.0
17850,82,4117,1067.8840266831444,1.0
17849,272,13644,1323.0341674311326,1.0
17849,180,9047,961.9605131642968,1.0
17849,111,5565,1003.3303634021092,1.0
17849,111,5552,1076.5036302432031,1.0
17847,363,18182,871.2285956523436,1.0
17847,339,16958,874.4114509185155,1.0
17847,269,13454,633.912065362578,1.0
17847,208,10425,1523.1561441030076,1.0
17847,161,8088,709.0289770796484,1.0
17847,161,8067,523.4412681001171,1.0
17847,158,7932,611.3690052533983,1.0
17841,58,2908,595.5422885099608,1.0
17841,24,1218,447.1875560049804,1.0
17840,408,20434,566.202414643203,1.0
17840,318,15905,460.1065937571484,1.0
17840,183,9170,974.7921083782421,1.0
17840,89,4496,621.5636945297655,1.0
17840,58,2939,799.6648596503125,1.0
17840,18,937,1065.3500292829294,1.0
17835,73,3658,420.4287929761328,1.0
17835,73,3653,684.5653090058202,1.0
17835,4,219,590.929120903164,1.0
17835,3,197,580.7561546100877,1.0
17833,46,2324,725.1082468662499,1.0
17829,123,6182,906.8185846341015,1.0
17829,6,333,1457.0768322028125,1.0
17827,37,1890,1169.141817637461,1.0
17827,37,1866,494.79893614068357,1.0
17827,33,1656,1085.013872381914,1.0
17783,91,4596,422.94618634197263,1.0
17783,91,4595,1253.4023521772265,1.0
17779,10,511,1213.5314750230273,1.0
17765,11,558,673.6324904632812,1.0
17762,31,1572,1046.188547500195,1.0
17759,36,1840,389.54098601902336,1.0
17755,3,195,564.3341623084374,1.0
17744,90,4522,376.8560165561914,1.0
17739,15,768,348.82888974558585,1.0
17739,1,63,542.7354844043358,1.0
17739,0,49,667.2916086439062,1.0
17731,18,946,705.5769452067967,1.0
17731,9,486,990.4022447044725,1.0
17726,181,9086,1252.684833397031,1.0
17722,129,6464,409.28689836824213,1.0
17722,57,2886,657.6468650453514,1.0
17722,57,2853,1168.6484097862108,1.0
17722,45,2287,990.3521559106249,1.0
17703,72,3622,1366.2945558339843,1.0
17699,109,5461,853.6513709196093,1.0
17696,142,7143,538.3462935640233,1.0
17696,121,6077,333.34481044074215,1.0
17696,34,1703,1482.2591727923436,1.0
17696,33,1662,1103.0106720767185,1.0
17696,8,417,251.71025571559562,1.0
17694,17,851,934.5372863487108,1.0
17693,180,9049,1086.1213196794529,1.0
17693,95,4786,725.8526223434569,1.0
17693,62,3108,462.378280848789,1.0
17689,47,2397,847.5950683461327,1.0
17689,47,2383,946.533645360078,1.0
17689,0,34,333.0113970946874,1.0
17689,0,23,385.33438557199213,1.0
17686,350,17532,282.76832864125,1.0
17686,292,14628,1296.6599430453125,1.0
17686,265,13260,677.7876797129687,1.0
17686,247,12360,629.4449018492968,1.0
17686,182,9128,489.71669896757805,1.0
17686,77,3855,658.4136437417577,1.0
17686,37,1877,428.7403750280859,1.0
17686,11,578,597.4123332068358,1.0
17684,131,6584,1317.6782486744141,1.0
17684,131,6555,982.2720988744139,1.0
17684,91,4573,1145.7342164471875,1.0
17681,46,2324,476.05912984249994,1.0
17681,23,1188,1411.3434289441016,1.0
17681,14,744,841.9244992209178,1.0
17681,9,493,898.4315505627343,1.0
17678,71,3596,630.4349394786327,1.0
17678,71,3592,668.4052598908593,1.0
17678,71,3564,1506.641201216621,1.0
17674,5,287,388.6124857224218,1.0
17668,74,3711,956.5017176634374,1.0
17668,63,3165,999.5731661168749,1.0
17667,51,2584,1138.9451694517966,1.0
17667,25,1279,892.8434220771288,1.0
17666,216,10810,622.4498460538281,1.0
17666,209,10451,1035.3519164190134,1.0
17666,15,775,1317.1170489349802,1.0
17664,66,3319,1394.1506084226367,1.0
17664,63,3187,841.4387513671874,1.0
17664,60,3010,294.0142360691796,1.0
17664,43,2164,902.2924879022655,1.0
17662,203,10197,1018.9932320896874,1.0
17662,196,9835,492.8026753259179,1.0
17662,196,9803,627.2649869926952,1.0
17662,54,2746,464.67544864287106,1.0
17655,401,20100,678.3239144308983,1.0
17655,136,6818,595.3226885983203,1.0
17646,33,1671,738.5674168856053,1.0
17638,33,1683,1191.5561620735157,1.0
17636,18,948,1086.484774621992,1.0
17633,17,872,1158.8338647800779,1.0
17630,141,7092,526.4017860426561,1.0
17630,91,4588,1884.1863889793358,1.0
17630,91,4575,819.1992375511718,1.0
17630,91,4570,372.5406199697168,1.0
17630,85,4271,296.96633529898435,1.0
17630,77,3884,805.7774501735155,1.0
17621,160,8028,729.3814348364061,1.0
17618,57,2867,601.2478471426366,1.0
17618,53,2659,1344.9433287246875,1.0
17615,15,770,1235.5149296423047,1.0
17612,19,987,522.1440408041015,1.0
17607,126,6329,674.3495542140623,1.0
17607,48,2413,1391.4589727779685,1.0
17594,128,6412,463.1479371317187,1.0
17594,18,905,1435.0057783730467,1.0
17592,81,4075,236.0615271214257,1.0
17590,21,1055,529.4011604122655,1.0
17590,11,585,969.795734770703,1.0
17584,58,2938,617.5631132582421,1.0
17584,43,2178,660.7616755553905,1.0
17584,20,1012,522.1442751964843,1.0
17567,39,1996,1062.0118899715621,1.0
17567,11,566,1004.5576743489843,1.0
17566,199,9979,654.2956847024218,1.0
17566,199,9954,390.6690801282031,1.0
17566,197,9881,309.6955548490625,1.0
17566,178,8941,372.39617887124996,1.0
17566,178,8906,397.9099867009179,1.0
17566,169,8459,1425.736913976777,1.0
17566,76,3824,883.8113367902342,1.0
17561,116,5839,431.3566410522265,1.0
17561,24,1203,1211.0194739203125,1.0
17557,122,6137,436.81013537638665,1.0
17557,61,3072,924.387416240742,1.0
17557,11,574,344.3160107882031,1.0
17556,15,770,899.1290958965624,1.0
17552,86,4331,433.3645410849999,1.0
17552,22,1105,700.4907307120702,1.0
17545,49,2480,844.8224460933593,1.0
17545,6,338,346.0324265218554,1.0
17534,73,3685,1068.7726874409764,1.0
17534,37,1867,809.9608450783202,1.0
17522,161,8052,1694.8104578678513,1.0
17522,148,7415,1203.8829106529688,1.0
17520,15,799,333.28895687076164,1.0
17520,15,794,1287.208516469746,1.0
17520,15,769,1316.6897277672265,1.0
17520,9,478,666.9243117510156,1.0
17520,7,400,668.669376347617,1.0
17505,123,6164,481.40493668925774,1.0
17497,238,11929,295.4844713870703,1.0
17497,236,11836,1270.3238902767575,1.0
17497,145,7274,473.1397520562304,1.0
17495,250,12542,306.4734196550781,1.0
17494,34,1738,562.7477010666015,1.0
17493,248,12450,919.1946042862108,1.0
17493,153,7660,674.3028621301561,1.0
17493,99,4991,787.063477838203,1.0
17493,31,1595,712.0875925057811,1.0
17484,37,1871,1010.7047925204687,1.0
17484,2,140,1124.419169968984,1.0
17478,127,6387,401.93588616320307,1.0
17478,69,3478,476.1815101478906,1.0
17478,69,3460,429.79752972107417,1.0
17478,39,1963,251.08124132707025,1.0
17471,60,3037,553.668583505742,1.0
17471,60,3014,861.1702106897264,1.0
17471,53,2673,739.455423715371,1.0
17459,203,10186,1383.2879323834372,1.0
17459,115,5763,758.1336762064648,1.0
17459,22,1132,869.4694748327147,1.0
17458,86,4341,383.3640460475976,1.0
17458,73,3671,854.5896332762694,1.0
17452,44,2247,850.341239133828,1.0
17451,138,6933,706.710453597871,1.0
17449,37,1862,979.4260081051561,1.0
17448,198,9949,496.9860982616601,1.0
17447,145,7281,859.7630534450585,1.0
17447,55,2793,410.9275467340234,1.0
17440,160,8006,1158.2947613071874,1.0
17440,160,8004,358.58699919105464,1.0
17440,14,721,1272.2130819088084,1.0
17429,1,91,464.6062003623437,1.0
17429,1,59,614.3476216828319,1.0
17415,143,7179,761.1076116684374,1.0
17415,1,63,1122.2608679054688,1.0
17415,0,2,1002.4771394528515,1.0
17414,181,9052,629.90668724291,1.0
17414,140,7019,670.8317857796484,1.0
17414,138,6907,972.6132427199218,1.0
17414,121,6052,1121.0386919311718,1.0
17414,51,2587,1178.0555420960936,1.0
17413,245,12270,664.5917646249608,1.0
17407,116,5822,1072.841862721289,1.0
17407,90,4507,306.4840711583984,1.0
17407,62,3144,1153.9003188191796,1.0
17406,152,7620,912.7714585018749,1.0
17406,58,2931,812.2784175344921,1.0
17401,40,2016,1360.3318552264063,1.0
17401,35,1789,402.5075766789843,1.0
17398,210,10519,491.05906814925777,1.0
17397,4,214,929.7559437110741,1.0
17395,10,547,545.6485804474022,1.0
17394,208,10420,728.7502547304296,1.0
17394,197,9894,272.105770752207,1.0
17394,121,6086,1193.075368384531,1.0
17394,90,4546,989.5766238996874,1.0
17394,21,1079,608.9544853907225,1.0
17394,21,1059,619.1987104138672,1.0
17391,26,1316,1164.331532639375,1.0
17391,26,1311,971.2266739807811,1.0
17387,45,2299,1151.4041326310544,1.0
17387,26,1318,541.4127270114842,1.0
17383,429,21487,502.2991419996484,1.0
17383,330,16527,744.4171182010546,1.0
17383,166,8323,613.6249235027343,1.0
17383,120,6009,852.4138940007031,1.0
17373,117,5862,1130.878792966445,1.0
17371,548,27407,898.0324801520311,1.0
17371,216,10803,1363.968566256328,1.0
17370,53,2687,380.63301311384765,1.0
17370,2,143,398.6963764863281,1.0
17370,2,126,584.1639982662988,1.0
17367,164,8250,379.10913997654296,1.0
17367,164,8203,1194.5077451335937,1.0
17367,134,6738,2208.5364522146874,1.0
17367,95,4760,1063.856329090488,1.0
17364,129,6497,392.42333812519524,1.0
17364,85,4297,1167.482135478701,1.0
17364,65,3281,428.16939477787105,1.0
17363,2,117,1262.3170333211328,1.0
17363,1,64,587.734576903203,1.0
17361,383,19192,690.5298245885546,1.0
17361,383,19166,694.0567033960155,1.0
17361,376,18801,918.4736941701952,1.0
17361,345,17280,954.7402214771874,1.0
17361,83,4163,748.2096862775585,1.0
17361,61,3074,707.1860910534667,1.0
17357,52,2606,669.0079118656445,1.0
17357,0,10,1125.0380387589453,1.0
17356,202,10136,707.6756462471874,1.0
17351,28,1405,1016.9279674799608,1.0
17351,24,1214,655.075117021914,1.0
17351,5,278,232.48395032912103,1.0
17351,1,64,981.8934788356249,1.0
17343,19,997,492.88669643468745,1.0
17343,19,979,1081.660189305625,1.0
17343,14,740,518.3842044013671,1.0
17339,212,10618,1242.5553534313476,1.0
17339,153,7691,1391.2554111492968,1.0
17335,48,2435,720.8862715333788,1.0
17335,39,1988,832.1921823923827,1.0
17334,96,4810,687.4600617742968,1.0
17334,45,2263,1082.7177135017282,1.0
17334,15,762,502.9815176585156,1.0
17334,10,543,1353.783976169922,1.0
17327,119,5995,304.04428818412106,1.0
17327,39,1963,905.3240824814452,1.0
17324,71,3584,743.4801277557029,1.0
17324,54,2733,887.472854616914,1.0
17314,64,3204,1308.3641341344141,1.0
17313,171,8579,494.2162570129101,1.0
17313,148,7437,671.6601308818749,1.0
17313,77,3899,1038.3203604079295,1.0
17312,108,5419,328.42583186044914,1.0
17311,67,3388,447.7614048950781,1.0
17311,10,544,734.4137884406249,1.0
17309,151,7596,1418.975118113828,1.0
17309,37,1863,613.4460970156053,1.0
17307,85,4271,1277.8436092398047,1.0
17307,29,1487,841.4143106882811,1.0
17301,25,1283,628.1354773396874,1.0
17267,167,8384,373.648038476914,1.0
17267,167,8371,902.7616937697655,1.0
17267,122,6142,1311.3439276669142,1.0
17260,60,3040,606.6016654741014,1.0
17260,60,3008,1367.0106167703125,1.0
17260,49,2497,1150.9857740557422,1.0
17260,43,2191,707.157167500078,1.0
17259,26,1330,628.5381551059764,1.0
17259,24,1244,817.8485578352734,1.0
17259,13,677,805.871633541328,1.0
17258,35,1753,549.9945068025389,1.0
17258,21,1100,700.7585462464648,1.0
17258,14,708,634.0790763416405,1.0
17258,2,101,1187.8531135409376,1.0
17256,37,1880,789.856377765664,1.0
17256,1,73,784.1182805884179,1.0
17254,40,2038,280.7979994196874,1.0
17250,70,3504,300.34470615900386,1.0
17250,60,3025,1545.4739035354687,1.0
17249,206,10328,1093.3249759940427,1.0
17249,16,824,724.1725282795702,1.0
17240,119,5953,840.4686068885155,1.0
17239,225,11285,879.086427431914,1.0
17239,140,7022,464.5723411032031,1.0
17239,95,4766,867.7523477018749,1.0
17239,2,115,680.9242242314452,1.0
17237,520,26031,603.8908338991406,1.0
17237,513,25654,1157.9999359266208,1.0
17232,121,6062,1138.9457530158202,1.0
17232,88,4435,312.53339952562493,1.0
17232,81,4072,838.8079919286718,1.0
17232,54,2709,599.9657621178125,1.0
17232,21,1097,317.57804300605466,1.0
17228,74,3731,586.7481692786913,1.0
17228,70,3549,1352.0222689852344,1.0
17228,28,1434,766.8192091255859,1.0
17228,2,147,504.05158564320305,1.0
17220,48,2447,1205.731413024375,1.0
17219,47,2370,451.9340704067187,1.0
17213,37,1851,520.4309827254295,1.0
17213,19,989,1158.0894221606445,1.0
17208,257,12885,662.1455669833788,1.0
17204,137,6871,535.9951339650389,1.0
17204,78,3945,427.47194634451165,1.0
17203,81,4077,720.9616171016991,1.0
17203,53,2657,1157.2161488770312,1.0
17198,116,5846,747.5223327464062,1.0
17196,62,3102,1011.9437970658203,1.0
17195,84,4242,807.5592631501562,1.0
17195,23,1165,1040.4632782736326,1.0
17184,1,66,1088.1322803769726,1.0
17178,24,1213,985.4647713553319,1.0
17178,10,516,1436.106601547363,1.0
17172,57,2871,1086.4335301953124,1.0
17172,0,9,901.4845746870507,1.0
17169,345,17271,508.60212899023435,1.0
17169,313,15679,1279.595898158203,1.0
17169,313,15677,1212.8909780868162,1.0
17169,313,15660,563.5953295470018,1.0
17169,58,2937,1064.784203994609,1.0
17169,58,2927,355.5278393345703,1.0
17169,0,32,1242.123400672734,1.0
17168,118,5938,507.2532953168749,1.0
17168,42,2140,940.0145730676171,1.0
17165,36,1837,452.1981353398437,1.0
17164,88,4410,654.2119773467967,1.0
17158,82,4116,879.7305624230468,1.0
17158,49,2464,845.8031207230858,1.0
17156,108,5429,1011.5711521643749,1.0
17156,82,4144,776.8152661807811,1.0
17156,5,278,936.6287907055078,1.0
17152,79,3961,812.0259774999998,1.0
17152,23,1160,848.2314253438085,1.0
17149,35,1798,637.2603530567186,1.0
17149,35,1783,558.5229987808202,1.0
17149,35,1761,715.2578497112889,1.0
17149,11,590,746.882471703789,1.0
17144,65,3257,689.7855969058007,1.0
17143,3,178,562.3531908236913,1.0
17143,3,175,1217.5323392371874,1.0
17140,121,6071,605.5594607246874,1.0
17140,121,6061,464.1730613113671,1.0
17138,67,3361,831.5107251689452,1.0
17137,174,8749,1512.7278633577343,1.0
17137,172,8614,934.2033773798827,1.0
17136,21,1086,1970.089965935625,1.0
17135,71,3569,1154.544349661875,1.0
17135,65,3296,649.1578958530469,1.0
17135,65,3265,1574.8054265428123,1.0
17132,495,24793,739.513192763828,1.0
17132,495,24779,521.1876710817577,1.0
17132,453,22692,645.6994904964062,1.0
17132,408,20440,891.5522560380663,1.0
17132,186,9309,838.6115184367382,1.0
17132,49,2480,792.1198418352539,1.0
17131,104,5218,335.75855995431635,1.0
17125,120,6043,368.15823513480467,1.0
17122,128,6401,1148.8653299359376,1.0
17122,124,6221,784.814767458789,1.0
17122,119,5987,838.4029345315624,1.0
17116,115,5795,658.0951018626366,1.0
17116,115,5782,1301.6232785679686,1.0
17116,103,5200,289.0643031366601,1.0
17116,97,4879,1458.8233382680469,1.0
17112,67,3374,667.2485926118163,1.0
17103,58,2929,924.7989449428514,1.0
17103,23,1186,1251.568538506172,1.0
17099,89,4493,1225.383586595703,1.0
17099,89,4471,701.1188780174217,1.0
17099,34,1720,1283.8908763423046,1.0
17098,96,4806,624.6719880433592,1.0
17091,23,1200,651.7065557728905,1.0
17091,15,782,1507.8816177235935,1.0
17083,112,5621,503.35629053748045,1.0
17078,45,2291,625.6595669566406,1.0
17078,18,915,1719.778004356875,1.0
17077,143,7183,909.7863096825195,1.0
17077,143,7168,590.4262454417577,1.0
17077,100,5034,1417.82755426625,1.0
17077,71,3594,708.2542093583983,1.0
17077,71,3572,1025.9384433424607,1.0
17075,120,6009,766.5645421848046,1.0
17075,86,4326,383.31911872541014,1.0
17075,72,3642,1305.592353038047,1.0
17075,63,3168,564.8556916829297,1.0
17073,68,3421,682.9504322010546,1.0
17073,30,1533,537.7814851337499,1.0
17073,30,1513,703.7225603641015,1.0
17056,250,12539,568.8774435317968,1.0
17056,216,10821,685.9652647858983,1.0
17055,428,21437,716.2635705121874,1.0
17055,428,21428,1061.6080882365818,1.0
17055,261,13084,508.85553954244136,1.0
17055,233,11692,810.6683305471483,1.0
17055,192,9636,571.4796280142576,1.0
17055,127,6362,983.0239460022656,1.0
17055,3,174,738.1122124215233,1.0
17053,40,2040,237.33337228250969,1.0
17053,40,2017,1109.4043589010935,1.0
17046,58,2948,886.2941371110155,1.0
17046,48,2404,1135.3241048651757,1.0
17046,30,1517,1017.9050515230077,1.0
17041,130,6502,572.0716039876758,1.0
17041,113,5693,922.0676275080468,1.0
17041,107,5386,719.0848404430664,1.0
17041,89,4456,688.1342796402342,1.0
17041,88,4436,476.8001570184765,1.0
17036,323,16165,1126.8053906384375,1.0
17036,231,11552,900.1042857471093,1.0
17034,21,1060,1000.4572662462108,1.0
17033,127,6395,461.0835196967968,1.0
17030,81,4093,663.6747447437695,1.0
17029,191,9591,1508.9045826888282,1.0
17029,152,7611,747.7767817359764,1.0
17029,60,3005,1238.7230204916405,1.0
17005,226,11323,512.1498087410546,1.0
17005,173,8698,341.18132840613276,1.0
17005,100,5013,858.8374478843162,1.0
17005,92,4646,861.0252535445117,1.0
17005,92,4638,1474.9461004484765,1.0
17005,78,3941,608.7328922780467,1.0
17005,27,1382,512.4737095888086,1.0
17004,212,10648,653.448631925742,1.0
17004,153,7664,474.2818715015625,1.0
17004,114,5714,382.8802694427734,1.0
17004,15,785,1102.6017525438865,1.0
16992,57,2877,1708.38638948666,1.0
16992,4,222,973.197887825664,1.0
16978,241,12089,310.11220560017574,1.0
16978,72,3641,976.3441039305077,1.0
16973,38,1903,895.3815723355077,1.0
16970,102,5109,682.2025594143846,1.0
16970,31,1593,619.4208819541014,1.0
16965,307,15360,781.4844284923046,1.0
16965,247,12380,741.0970607542187,1.0
16965,121,6052,775.7121414521679,1.0
16964,223,11153,261.609889718164,0.7579184051962733
16964,187,9365,710.5238831119531,1.0
16963,126,6337,325.2246263060351,1.0
16963,126,6335,754.9219951800585,1.0
16963,36,1846,921.8785189671092,1.0
16962,386,19336,464.58159203874993,1.0
16962,386,19310,793.442996934375,1.0
16962,352,17642,730.323980901953,1.0
16962,193,9685,940.4401463748827,1.0
16962,38,1940,422.381349215039,1.0
16949,482,24142,471.812385817539,1.0
16949,143,7166,953.1883080266405,1.0
16949,20,1012,911.0774467066014,1.0
16947,273,13686,890.97574940875,1.0
16947,271,13577,593.7439870625194,1.0
16947,243,12175,439.7239505026953,1.0
16947,241,12057,334.2297779708398,1.0
16947,28,1433,720.5816323783886,1.0
16946,212,10617,287.7223311258203,1.0
16944,304,15212,912.6903526990624,1.0
16939,1,54,765.503908432539,1.0
16935,528,26449,1399.9608144352733,1.0
16935,400,20007,236.951008944121,1.0
16931,15,791,1143.955421078203,1.0
16926,219,10992,686.5715164495311,1.0
16923,341,17057,654.3224118408592,1.0
16923,231,11594,898.4033369258007,1.0
16923,199,9982,330.3789915783398,1.0
16923,155,7791,509.0654329213476,1.0
16923,38,1906,956.6646120316015,1.0
16921,214,10739,859.1009244106053,1.0
16921,165,8292,364.63202252593743,1.0
16921,70,3502,711.1319795017772,1.0
16921,3,193,1263.3695567134373,1.0
16919,481,24055,309.9846795156249,1.0
16919,393,19676,1119.931029150117,1.0
16919,367,18368,875.8949824728514,1.0
16919,270,13507,617.1423963144725,1.0
16919,263,13158,1378.9365182352344,1.0
16919,218,10910,970.6526037352734,1.0
16919,16,808,1037.9965258007028,1.0
16916,74,3717,977.6175120246093,1.0
16901,96,4841,666.6110089662303,1.0
16891,172,8649,506.0805598081152,1.0
16890,131,6571,879.5992653949609,1.0
16890,62,3107,242.53868207414055,1.0
16888,147,7360,719.2549754052733,1.0
16888,117,5900,474.82945189886715,1.0
16878,26,1333,1572.9233234948438,1.0
16874,419,20972,1242.721892410742,1.0
16874,417,20852,830.1390982685156,1.0
16874,399,19988,823.6971589914842,1.0
16869,153,7658,868.3221617004687,1.0
16869,131,6587,1543.8584653235157,1.0
16858,196,9828,644.8502774687498,1.0
16858,183,9153,1303.4939264326367,1.0
16853,170,8543,1598.8630648252342,1.0
16853,73,3673,930.3771394169921,1.0
16853,10,521,705.0556405259374,1.0
16851,356,17835,394.2846155429687,1.0
16851,154,7726,948.041254100371,1.0
16851,109,5469,855.3653661003515,1.0
16851,55,2754,791.9020690796874,1.0
16849,163,8157,570.4403602247655,1.0
16849,79,3976,423.6776192540234,1.0
16849,8,420,2031.5478000183593,1.0
16848,44,2210,1397.469432528711,1.0
16847,140,7023,320.11832794433593,1.0
16846,154,7746,614.9999995056249,1.0
16846,46,2318,611.6878114701952,1.0
16845,474,23716,454.90979782367185,1.0
16845,422,21123,736.9178568499218,1.0
16845,302,15111,429.6321988505859,1.0
16845,170,8531,544.0317385922655,1.0
16840,67,3378,1719.505616473828,1.0
16840,20,1026,657.8328327720311,1.0
16836,196,9848,317.3342509248046,1.0
16835,187,9365,368.9470927663086,1.0
16828,57,2881,401.13858906609374,1.0
16828,38,1905,824.419187758164,1.0
16826,267,13355,532.0147558034374,1.0
16826,169,8458,1111.0053786204685,1.0
16826,140,7038,968.0230506374413,1.0
16826,97,4895,826.9858551228417,1.0
16826,83,4163,436.102156608125,1.0
16826,83,4155,1792.456623875205,1.0
16809,235,11777,968.0435601945311,1.0
16802,416,20847,1122.4037091048044,1.0
16802,402,20141,657.4626338494335,1.0
16802,393,19679,341.13015577826167,1.0
16802,376,18819,583.8208595212499,1.0
16802,332,16627,1056.2969185494726,1.0
16802,62,3139,712.0176343701366,1.0
16797,104,5232,1102.7940734394138,1.0
16797,85,4280,657.2698546741015,1.0
16797,45,2280,1134.5601481174413,1.0
16793,17,898,1177.4939279771875,1.0
16783,109,5489,1002.0964718278319,1.0
16783,64,3248,802.9782022437499,1.0
16783,45,2286,1171.5074960564452,1.0
16783,30,1531,621.2529190583592,1.0
16769,4,209,1227.5344642708592,1.0
16761,361,18070,1258.9948362107812,1.0
16761,314,15732,559.4981501339843,1.0
16761,292,14641,427.59384407718744,1.0
16761,104,5250,973.867371567539,1.0
16759,311,15573,1344.9198743372654,0.7351096265474217
16759,219,10974,395.3599893353125,1.0
16753,90,4507,1222.9125493682418,1.0
16753,43,2197,339.7263731773242,1.0
16753,8,428,1416.293173165293,1.0
16749,41,2085,379.0443341327343,1.0
16749,41,2079,448.4544593543359,1.0
16746,105,5254,493.35282005531246,1.0
16746,27,1377,682.1178100404101,1.0
16744,260,13047,460.491807948789,1.0
16743,47,2392,675.0601587155663,1.0
16733,125,6279,778.7839100482421,1.0
16731,234,11721,403.8145551721679,1.0
16726,117,5891,388.0696277170898,1.0
16726,117,5870,1133.6646397960935,1.0
16697,122,6116,370.0122125785156,1.0
16696,160,8038,663.7770583289843,1.0
16694,58,2937,570.8219749177343,1.0
16694,58,2918,908.1329676158202,1.0
16693,232,11608,637.8948041273827,1.0
16693,129,6458,388.35912637673823,1.0
16679,134,6743,289.95943253582027,1.0
16679,65,3289,1040.0324425752538,1.0
16679,65,3254,417.4567778157031,1.0
16676,330,16521,430.15037202982415,1.0
16676,307,15373,1428.5949082735156,1.0
16666,159,7997,879.6423470177343,1.0
16584,16,826,572.1243139358593,1.0
16584,16,813,1486.6783683100389,1.0
16583,184,9230,484.79773561531243,1.0
16583,36,1846,792.546053010371,1.0
16583,36,1825,369.3321058420117,1.0
16581,178,8902,309.5847417561718,1.0
16573,253,12695,454.75771246511715,1.0
16570,49,2495,1395.7079578638281,1.0
16558,64,3236,843.1744299797265,1.0
16557,127,6398,932.4651749814061,1.0
16557,93,4700,645.8964611753514,1.0
16557,29,1493,1228.4696361778515,1.0
16555,69,3481,649.70050900958,1.0
16551,224,11228,708.8764664227733,1.0
16551,77,3897,759.1943939651171,1.0
16547,11,600,491.00432497269526,1.0
16547,11,588,284.4813060317187,1.0
16547,4,248,1351.89772982541,1.0
16544,148,7402,465.36311210617185,1.0
16527,94,4729,1000.778641917539,1.0
16526,43,2190,1162.8469836266113,1.0
16526,43,2169,646.5390983024608,1.0
16526,18,906,554.097390064375,1.0
16524,262,13115,1396.1585884696874,1.0
16524,71,3556,303.028503140664,1.0
16524,18,931,1118.9035068557419,1.0
16520,122,6114,662.6757363479492,1.0
16518,80,4009,617.4463970393749,1.0
16518,26,1322,517.4109067080077,1.0
16518,8,444,546.1498071990624,1.0
16517,99,4960,1171.236120653125,1.0
16517,39,1976,983.1791474756249,1.0
16517,16,804,949.4662101601562,1.0
16495,37,1852,633.4571291819531,1.0
16495,24,1209,581.515899346328,1.0
16495,2,120,638.1127671017576,1.0
16479,13,678,1145.7709949307032,1.0
16479,3,196,732.9776273951952,1.0
16479,2,112,957.9805265710936,1.0
16479,2,111,1415.646101516445,1.0
16472,76,3833,591.8469607761913,1.0
16472,63,3151,983.4209933527147,1.0
16468,90,4520,401.8221225395703,1.0
16468,15,774,722.3065308546874,1.0
16464,77,3872,564.9132677589062,1.0
16458,156,7829,351.9633532326953,1.0
16458,127,6368,513.223759071875,1.0
16458,72,3611,529.0752012739453,1.0
16457,44,2242,1137.6812744404688,1.0
16457,44,2241,539.1236431024608,1.0
16457,14,705,547.760927072578,1.0
16453,185,9279,633.2021463867187,1.0
16453,160,8032,467.87113205585933,1.0
16453,27,1355,304.5876730312109,1.0
16446,269,13464,398.2050885222656,1.0
16446,269,13456,837.0761391335155,1.0
16446,242,12142,700.6940454799218,1.0
16446,70,3545,472.58824306696283,1.0
16440,138,6912,838.1576523629686,1.0
16440,37,1852,884.8147388648827,1.0
16437,249,12471,1551.180158066953,1.0
16432,23,1160,1031.7041992092186,1.0
16431,170,8507,1341.2248082412302,1.0
16431,145,7265,729.7801058442968,1.0
16431,145,7264,807.5769223079296,1.0
16431,40,2012,639.3770223615624,1.0
16431,29,1498,1060.286788168281,1.0
16431,29,1458,619.371667500957,1.0
16411,115,5758,672.3334699892577,1.0
16411,99,4985,1467.3582233505858,1.0
16410,200,10033,899.1506645990038,1.0
16410,103,5175,978.3583703357225,1.0
16405,13,654,372.9020941064648,1.0
16387,40,2024,1195.480128329531,1.0
16386,70,3512,608.8582598289843,1.0
16386,30,1532,610.2103659665623,1.0
16379,232,11628,346.65449832904295,1.0
16379,99,4958,1248.4265922686131,1.0
16379,29,1459,1541.0937575135154,1.0
16378,287,14387,1159.1537986087496,1.0
16374,56,2820,766.6386231361327,1.0
16352,353,17686,549.3280101667577,1.0
16348,156,7815,833.0351237021092,1.0
16348,101,5054,529.5765137076561,1.0
16348,40,2023,1659.588739944902,1.0
16347,19,959,687.281503056582,1.0
16347,16,808,538.3830649703906,1.0
16346,166,8329,816.1784254364256,1.0
16344,20,1039,1216.4790719176463,1.0
16340,326,16320,732.5712435296874,1.0
16340,311,15578,1111.9589636383594,1.0
16340,311,15564,1382.5096435435935,1.0
16340,186,9345,1263.2706815928905,1.0
16340,114,5719,677.9173552275389,1.0
16340,75,3789,594.6379772255858,1.0
16339,56,2824,481.53343050308587,1.0
16339,56,2814,690.4741573634374,1.0
16338,38,1909,1383.9253700599215,1.0
16319,24,1246,552.3989008991796,1.0
16314,38,1901,797.8791211556835,1.0
16314,30,1501,406.52758391339836,1.0
16301,272,13643,486.2067021416796,1.0
16301,205,10300,1051.894853075039,1.0
16301,156,7843,974.9075136316991,1.0
16301,141,7054,1008.2451144345312,1.0
16301,20,1032,1051.065553938828,1.0
16299,86,4311,1082.9108198492772,1.0
16299,65,3293,626.5350642776561,1.0
16298,185,9279,412.69708033363275,1.0
16298,134,6718,1332.1528403596094,1.0
16295,177,8897,1350.489882439375,1.0
16286,341,17056,748.7689679754686,1.0
16283,200,10045,742.3658178352929,1.0
16283,200,10006,501.927668390371,1.0
16281,173,8683,546.9699544958984,1.0
16281,28,1417,1066.6327989069528,1.0
16271,95,4772,1086.7541604459766,1.0
16271,95,4756,885.8232081230956,1.0
16265,25,1251,1498.840151489453,1.0
16262,49,2469,1258.1815336794334,1.0
16250,159,7993,1243.766623133125,1.0
16250,159,7973,1391.335679412031,1.128388320333733
16239,17,898,1037.2703925873238,1.0
16239,12,642,629.8067599542968,1.0
16221,47,2372,1121.9346149404491,1.0
16219,306,15317,1144.7688689249803,1.0
16219,127,6388,1743.5063070104688,1.0
16219,83,4155,889.2045241239842,1.0
16219,49,2491,1518.6314903649218,1.0
16219,49,2488,701.2250137371093,1.0
16219,5,284,742.1597467268358,1.0
16215,33,1656,1301.9659033088278,1.0
16212,78,3932,461.60783555117183,1.0
16210,98,4913,1157.551432064824,1.0
16210,37,1863,715.1400876734374,1.0
16205,390,19532,927.369380940078,1.0
16205,129,6483,926.5063476826953,1.0
16205,25,1262,795.369301843828,1.0
16203,13,669,449.8320016226562,1.0
16199,452,22613,547.2236848083593,1.0
16199,275,13773,1263.9621195695117,1.0
16199,143,7151,572.3158109152733,1.0
16199,3,172,564.1489415361717,1.0
16198,161,8065,327.6116294410546,1.0
16198,84,4249,741.160598220742,1.0
16188,191,9594,777.5171213659374,1.0
16172,441,22056,885.885967875078,1.0
16172,288,14425,1512.9958873848436,1.0
16172,233,11698,805.0086629544921,1.0
16172,233,11671,986.7280275447265,1.0
16172,31,1552,542.5815740290233,1.0
16169,370,18527,1079.5933116553124,1.0
16169,181,9057,701.9660323289843,1.0
16169,156,7832,341.87871999914057,1.0
16158,484,24223,428.0127069404882,1.0
16158,399,19967,576.000593323203,1.0
16158,333,16662,996.5758674010546,1.0
16158,261,13093,518.4725346633203,1.0
16152,62,3123,230.98009818410148,1.0
16150,247,12370,880.6500269089452,1.0
16150,38,1922,1314.4036628029685,1.0
16148,283,14172,830.5597465432617,1.0
16148,215,10787,1062.4190658054686,1.0
16148,215,10785,573.6521350008593,1.0
16148,215,10769,1515.9377651509376,1.0
16148,177,8900,958.2707972049999,1.0
16147,50,2546,1027.665572330859,1.0
16137,42,2128,1616.855740906211,1.0
16134,477,23851,968.5075685139061,1.0
16134,34,1706,926.3057000126952,1.0
16125,114,5735,642.4784191142968,1.0
16121,67,3390,1004.8153794489061,1.0
16119,350,17515,942.2288305406639,1.0
16119,278,13918,1035.4785922133592,1.0
16119,122,6105,697.1044779657616,1.0
16119,122,6103,1512.7715167442184,1.0
16119,114,5732,931.5262545632421,1.0
16119,108,5450,647.632519546621,1.0
16119,69,3494,1028.25111122207,1.0
16119,69,3469,1189.8565684766404,1.0
16119,25,1273,1602.2948576001172,1.0
16118,167,8375,1441.9199189225392,1.0
16118,165,8300,903.7336016658593,1.0
16118,8,445,410.2732804408593,1.0
16115,153,7682,1066.7701130123141,1.0
16112,428,21430,1836.985882135547,1.0
16112,405,20272,1436.6246342771483,1.0
16112,263,13166,424.22701138187495,1.0
16112,248,12436,1525.2762456232813,1.0
16112,155,7774,1000.5373018913281,1.0
16112,111,5580,1432.2814916993357,1.0
16110,84,4249,577.5843527552928,1.0
16110,74,3716,378.6314257533203,1.0
16110,74,3702,1008.2440871066406,1.0
16110,48,2402,1586.7401424234372,1.0
16110,21,1076,1087.5257973598632,1.0
16110,13,690,249.97239414708,1.0
16109,93,4699,440.31029092648436,1.0
16109,66,3319,682.3500039730077,1.0
16109,8,448,903.0764868696093,1.0
16106,52,2636,1333.1483764187692,1.0
16106,10,546,1661.5939810541795,1.0
16104,73,3698,1079.481079907402,1.0
16104,73,3651,987.5614815811132,1.0
16095,327,16383,912.4112877011132,1.0
16095,310,15545,372.68122969644526,1.0
16091,41,2074,376.3564131357812,1.0
16091,36,1815,997.4599672111717,1.0
16090,156,7840,485.7232843917187,1.0
16090,156,7830,1273.1050939564843,1.0
16089,517,25897,1542.404702062031,1.0
16089,484,24223,343.6693832458007,1.0
16089,482,24125,923.2523942114648,1.0
16089,481,24069,787.2092221636523,1.0
16076,125,6284,1103.9383374046874,1.0
16076,84,4214,464.73826345343747,1.0
16075,425,21257,1034.244104135918,1.0
16073,228,11434,645.0810542789258,1.0
16073,15,768,884.1585266234179,1.0
16073,14,733,909.9971354291796,1.0
16060,135,6760,1404.7768043253513,1.0
16060,82,4137,1073.4490301047263,1.0
16060,61,3086,727.6562648234178,1.0
16059,74,3734,337.4048705103515,1.0
16059,67,3384,1148.865819549082,1.0
16059,15,761,1529.2851831418748,1.0
16052,36,1836,803.041897399414,1.0
16051,266,13345,693.0512327066015,1.0
16051,135,6767,578.5957143939647,1.0
16051,14,730,957.8714749729686,1.0
16051,12,640,526.848309176289,1.0
16036,366,18344,759.4857321751562,0.7838631688066371
16036,117,5879,1419.7810447705465,1.0
16031,50,2544,756.6645324338671,1.0
16031,50,2509,1043.6013654200387,1.0
16031,22,1106,848.3855162487499,1.0
16028,488,24426,1044.5448256312889,1.0
16028,174,8718,498.6269751990234,1.0
16028,168,8428,365.9434272738281,1.0
16028,168,8404,1149.7446689723047,1.0
16028,113,5679,1116.1116160912106,1.0
16028,50,2539,346.45252231404294,1.0
16028,50,2503,787.194370205703,1.0
16026,135,6765,815.1541825754491,1.0
16026,19,967,314.80604900189445,1.0
16013,134,6747,922.1795329420116,1.0
16013,127,6366,659.8393969899022,1.0
16011,148,7438,815.2360046283202,1.0
16008,411,20567,1299.7687546117381,1.0
16008,360,18032,654.3089924612499,1.0
16008,312,15638,474.23215657941404,1.0
16008,74,3729,427.9892868067968,1.0
16006,456,22840,660.2658477143358,1.0
16006,285,14294,440.3695854295703,1.0
16006,285,14257,436.1567596655273,1.0
16006,275,13754,745.6273328022655,1.0
16006,235,11777,640.7744274517578,1.0
16006,214,10749,544.1964789923632,1.0
15989,443,22197,858.4585169960351,1.0
15989,47,2374,1036.9074267781248,1.0
15988,26,1346,454.3562669898046,1.0
15988,25,1291,1762.105072040078,1.0
15983,366,18349,370.38671117013666,1.0
15981,10,549,388.15188345693355,1.0
15981,10,528,971.9101644379687,1.0
15976,105,5280,485.1264674655859,1.0
15976,105,5262,1481.8859159136132,1.0
15976,39,1978,723.6176716520703,1.0
15976,34,1736,549.8865673870702,1.0
15975,7,367,620.1558198042577,1.0
15973,109,5498,639.3182423516015,1.0
15973,87,4382,464.62505115662105,1.0
15965,493,24686,725.6420115941015,1.0
15965,370,18522,533.9610735586327,1.0
15965,370,18512,1186.1056255913086,1.0
15965,352,17614,350.5422815952539,1.0
15960,487,24391,690.4852802530468,1.0
15960,487,24368,1187.4009003309375,1.0
15954,258,12921,642.0252757295311,1.0
15943,10,521,1282.6930397539063,1.0
15943,3,181,806.643754025742,1.0
15939,1,90,374.5048312166992,1.0
15935,99,4970,392.72044425603514,1.0
15933,318,15926,1277.973313677715,1.0
15931,507,25380,1124.6344422873435,1.0
15931,354,17747,663.7849687064453,1.0
15931,354,17708,339.7685406408984,1.0
15931,295,14753,612.0416169674608,1.0
15931,192,9636,1137.2962466277145,1.0
15931,192,9614,622.7424134816796,1.0
15931,180,9049,586.6014051001952,1.0
15931,180,9022,577.8072548358788,1.0
15930,290,14518,1145.8614055141406,1.0
15930,283,14159,432.5524208033789,1.0
15927,212,10620,570.6567165824413,1.0
15927,212,10616,650.6605028487498,1.0
15927,117,5897,960.8814411499803,1.0
15927,37,1876,844.7548235189452,1.0
15923,371,18586,1092.6135635574801,1.0
15923,274,13741,1221.6302379423046,1.0
15923,71,3567,741.3965882280077,1.0
15923,5,300,870.9199789132812,1.0
15920,66,3336,461.47490539876947,1.0
15920,23,1197,1227.3329845110934,1.0
15920,5,281,918.9239126905468,1.0
15919,54,2736,1149.5933268239842,1.0
15918,27,1367,417.75122874160155,1.0
15918,27,1365,400.5724211336718,1.0
15917,510,25549,565.1053447791991,1.0
15917,171,8559,1455.3199225838866,1.0
15916,30,1548,516.1226550211718,1.0
15915,194,9736,996.1433038460546,1.0
15915,88,4444,517.8712504039647,1.0
15915,45,2255,681.7318262022656,1.0
15910,189,9462,1204.2087243836718,1.0
15910,189,9453,1115.5213700408203,1.0
15910,95,4790,1340.469087057656,1.0
15910,17,876,1454.8294872473434,1.0
15909,130,6539,568.1722415090625,1.0
15909,100,5043,698.296449778203,1.0
15909,84,4235,390.88764235332025,1.0
15909,84,4212,1004.6028168368749,1.0
15907,40,2004,1184.8886939845506,1.0
15902,492,24649,1047.476589279453,1.0
15902,492,24640,1023.0418414229687,1.0
15902,396,19833,588.8016993221484,1.0
15902,339,16965,590.704271203242,1.0
15902,255,12761,552.1068732749022,1.0
15901,367,18400,1144.0578912753122,1.0
15897,2,147,856.7703219938866,1.0
15894,236,11836,783.5306763482812,1.0
15894,66,3309,889.2623641110155,1.0
15892,40,2008,1106.0056205238084,1.0
15892,1,79,1334.5564956265234,1.0
15882,101,5069,934.5229126551561,1.0
15882,77,3890,317.1240255533007,1.0
15878,74,3709,1370.593468506328,1.0
15877,209,10494,757.6399000303319,1.0
15877,137,6887,1177.2894082551757,1.0
15876,72,3610,865.1004016750976,1.0
15875,160,8006,1022.3895388758788,1.0
15875,20,1008,895.0596874027733,1.0
15873,262,13146,875.1248058210156,1.0
15873,158,7929,874.3861564946484,1.0
15873,108,5449,672.4412516652734,1.0
15873,78,3938,1505.2782817404686,1.0
15873,65,3294,1233.520480384609,1.0
15872,48,2438,458.92101906882806,1.0
15872,48,2405,1137.1220221667577,1.0
15872,23,1182,675.7030463623827,1.0
15871,5,297,903.4193492762499,1.0
15867,156,7828,244.21679052769522,1.0
15867,144,7223,728.5482206709374,1.0
15867,107,5364,500.44203303492185,1.0
15863,47,2395,1250.5145908857812,1.0
15863,21,1058,583.2326020436718,1.0
15862,325,16289,712.0001172882421,1.0
15862,226,11322,323.8763613846874,1.0
15862,208,10404,1035.1038623397262,1.0
15862,194,9718,1208.0086913853906,1.0
15862,143,7161,256.89914000181636,1.0
15862,128,6415,491.6273544387109,1.0
15861,100,5028,487.4196734071875,1.0
15861,58,2942,821.8510771599218,1.0
15861,38,1912,1126.7133243585154,1.0
15861,31,1586,787.603139598828,1.0
15859,334,16704,1004.2484831901561,1.0
15859,154,7735,460.046444065039,1.0
15859,113,5655,604.4206179775194,1.0
15858,14,737,946.8132146845311,1.0
15851,96,4846,792.2007803460154,1.0
15846,149,7456,1125.3893530824216,1.0
15846,80,4026,736.6111961209959,1.0
15846,53,2661,651.9020142270116,1.0
15846,53,2651,301.91615423242183,1.0
15846,29,1466,449.33401744714837,1.0
15836,20,1020,1375.4269058091404,1.0
15834,173,8694,217.1467340049218,1.0
15834,102,5134,296.4598765314453,1.0
15834,74,3736,569.7445022110936,1.0
15832,98,4946,402.16687759460933,1.0
15829,7,387,830.3546170801561,1.0
15828,503,25160,322.19643453290035,1.0
15828,501,25067,762.3671719148828,1.0
15828,480,24019,962.6134670901562,1.0
15828,479,23990,1254.9541418701951,1.0
15828,476,23845,572.5033187382811,1.0
15828,395,19756,829.8394927960546,1.0
15828,375,18784,844.2103169401952,1.0
15828,246,12309,735.0282887065624,1.0
15828,219,10978,1021.129245805039,1.0
15828,219,10971,1001.4292462545311,1.0
15828,16,829,1379.7199400222653,1.0
15828,16,807,768.2136622539061,1.0
15807,10,537,537.8569818248242,1.0
15807,0,20,441.19038246468745,1.0
15803,88,4443,581.1307572222753,1.0
15801,484,24208,757.5174767372265,1.0
15801,413,20691,836.5252946847264,1.0
15801,387,19365,1330.6227546628907,1.0
15801,168,8445,973.6658465707421,1.0
15801,112,5638,1196.7443609485154,1.0
15800,187,9393,477.2568211474609,1.0
15800,150,7522,923.5993723626952,1.0
15800,79,3980,300.6417522553906,1.0
15799,112,5606,341.6703313141406,1.0
15794,206,10307,740.1991383948437,1.0
15794,196,9819,868.6994539910546,1.0
15794,89,4479,331.7711271328711,1.0
15794,82,4113,531.6574668624609,1.0
15794,43,2180,580.0148929627343,1.0
15794,43,2177,1468.8730808197656,1.0
15792,129,6472,432.71984750179683,1.0
15792,95,4796,1211.9202373554685,1.0
15792,88,4438,858.7444700286914,1.0
15792,6,327,490.9963451115234,1.0
15785,348,17439,358.3509482059374,1.0
15785,348,17407,1058.1089007307223,1.0
15783,358,17937,1401.1571490416795,1.0
15783,358,17914,383.9378973679687,1.0
15783,85,4277,648.221805324746,1.0
15783,30,1549,655.0048127268358,1.0
15780,187,9359,1232.0658206398434,1.0
15780,172,8603,506.9039684585742,1.0
15780,104,5202,712.0322324356445,1.0
15779,34,1712,1281.3849558495313,1.0
15779,29,1472,1330.411882589297,1.0
15779,29,1471,727.2514814377342,1.0
15779,21,1070,569.9437445902342,1.0
15776,2,103,1548.9835077908592,1.0
15775,17,890,474.99565795289055,1.0
15775,11,578,830.2557336246483,1.0
15775,0,45,1243.7972918414453,1.0
15774,485,24280,707.5571442689452,1.0
15774,476,23820,251.20013983951165,1.0
15774,476,23803,691.3238614274218,1.0
15774,449,22463,389.2704758092578,1.0
15774,392,19621,829.3733029530467,1.0
15774,304,15224,815.3296909163084,1.0
15774,211,10586,1037.5229472744923,1.0
15774,116,5837,706.5033257579687,1.0
15774,93,4656,808.873876902539,1.0
15774,91,4570,1135.866015963164,1.0
15774,38,1948,482.4116683118554,1.0
15774,38,1940,701.6143887001562,1.0
15767,49,2461,528.6352886872655,1.0
15767,40,2001,1103.0788420843746,1.0
15767,19,984,1041.3996011125778,1.0
15766,28,1414,1251.1596919649996,1.0
15766,22,1150,448.5377483678711,1.0
15766,21,1098,1440.1713308057615,1.0
15733,10,519,867.6584612321874,1.0
15713,216,10831,767.0763711111327,1.0
15713,216,10805,1120.7088353795507,1.0
15713,176,8801,547.6090828622265,1.0
15708,71,3598,775.1716319550975,1.0
15708,71,3575,1433.5097427174314,1.0
15708,59,2959,1686.8649993437107,1.0
15704,8,449,913.9778056373827,1.0
15704,6,329,920.2313178268358,1.0
15704,6,323,335.0080809943359,1.0
15704,4,242,830.2436587153124,1.0
15702,49,2494,672.647262446621,1.0
15702,20,1010,270.8013633857128,1.0
15701,208,10429,539.8572950748436,1.0
15700,78,3948,1062.2364881988278,1.0
15700,52,2647,687.1810315176366,1.0
15700,51,2597,272.5441875318554,1.0
15689,320,16018,1292.501867766172,1.0
15689,302,15110,720.076011785703,1.0
15689,278,13923,424.61311625824214,1.0
15689,201,10089,230.57975775857415,1.0
15689,166,8309,712.8950070520311,1.0
15689,96,4815,416.0590404977929,1.0
15683,89,4478,1195.4797520617967,1.0
15677,192,9609,830.7516951681639,1.0
15677,189,9473,983.6542084591405,1.0
15677,120,6002,313.5278239838281,1.0
15673,77,3880,359.0346454254687,1.0
15656,103,5191,777.158861878828,1.0
15656,43,2183,1194.2323242024804,1.0
15652,40,2018,558.7592720878124,1.0
15640,246,12325,673.1225090382421,1.0
15640,218,10922,577.4864093722655,1.0
15640,182,9137,744.6230488622069,1.0
15640,154,7703,340.28600604124995,1.0
15640,62,3116,527.0823174208983,1.0
15640,62,3113,914.5060307592968,1.0
15639,179,8990,307.2405404067187,1.0
15634,215,10761,1200.1386394310548,1.0
15634,189,9496,195.0440880904296,1.0
15634,5,267,765.4304873961327,1.0
15603,145,7271,741.804952147246,1.0
15603,65,3282,1381.876732041621,1.0
15603,12,650,816.7260581078124,1.0
15593,201,10100,726.1931110630077,1.0
15592,196,9817,800.5036876555467,1.0
15592,191,9592,846.5432707533984,1.0
15592,155,7792,771.3627617334374,1.0
15592,153,7691,420.2083588316015,1.0
15592,108,5426,385.6791136187109,1.0
15592,42,2145,1342.3574850541404,1.0
15590,392,19611,1005.0885221610937,1.0
15590,314,15722,705.6880155726171,1.0
15590,125,6286,1553.5598019891404,1.0
15590,88,4433,1014.0556060707811,1.0
15589,293,14700,667.4776953617577,1.0
15589,293,14672,1443.3845747535156,1.0
15589,181,9055,425.6535333453515,1.0
15580,8,437,873.212009911826,1.0
15554,111,5577,554.9286992218164,1.0
15529,79,3959,909.8080450895507,1.0
15528,67,3394,747.6804515786132,1.0
15528,67,3366,394.4139510707812,1.0
15528,45,2260,574.3613272072655,1.0
15528,37,1888,1268.218608171836,1.0
15514,156,7845,760.9671123007225,1.0
15514,42,2145,518.4526574654686,1.0
15511,227,11364,536.4071901585936,1.0
15511,227,11356,652.2740406667577,1.0
15511,202,10109,645.2947026838085,1.0
15511,168,8435,571.2642347191014,1.0
15511,168,8428,811.425582861914,1.0
15511,155,7759,411.0321115033398,1.0
15511,21,1092,1149.8848957171094,1.0
15511,21,1061,1075.5254372409763,1.0
15509,110,5522,1088.0778885056639,1.0
15509,52,2609,488.53920435201167,1.0
15504,106,5348,1397.2135470176563,1.0
15504,104,5205,616.5188882771093,1.0
15501,127,6388,405.4255581449218,1.0
15501,66,3330,566.5679129536132,1.0
15499,4,208,967.7143741851561,1.0
15498,142,7127,337.27924578698236,1.0
15497,56,2822,657.3449671346483,1.0
15496,73,3699,936.4528696053123,1.0
15494,23,1200,300.0490285319726,1.0
15494,23,1180,910.8944403067968,1.0
15494,12,640,538.381722136328,1.0
15494,3,195,275.90013170613275,1.0
15491,114,5708,1086.9692309382422,1.0
15486,206,10307,636.1020082653514,1.0
15484,328,16441,1051.3651283191016,1.0
15484,258,12940,607.6835374532811,1.0
15482,119,5981,733.4990651876561,1.0
15482,92,4629,1036.4456145083982,1.0
15482,45,2292,856.4469638373827,1.0
15482,45,2288,991.747886274746,1.0
15482,45,2259,1450.4995022771873,1.0
15478,111,5586,599.8877219004686,1.0
15473,241,12053,431.2473856159765,1.0
15473,7,389,647.9625810970311,1.0
15466,236,11814,1427.3458323116797,1.0
15466,215,10757,325.62868983859374,1.0
15466,201,10094,717.4409826970898,1.0
15466,177,8852,556.2827860470312,1.0
15466,147,7394,780.0127914651171,1.0
15466,66,3319,1779.10850757457,1.0
15464,169,8488,1392.7881441296481,1.0
15464,103,5163,1288.315972432949,1.0
15464,0,21,996.5421105540624,1.0
15463,467,23394,674.3878470036132,1.0
15463,293,14669,985.805566431953,1.0
15463,235,11759,678.3932198823827,1.0
15463,110,5529,1615.596581250078,1.0
15462,104,5236,1228.283099730586,1.0
15462,25,1297,980.6319158623436,1.0
15457,196,9822,714.493901996953,1.0
15457,35,1798,404.973493585664,1.0
15457,6,334,515.5909233810546,1.0
15456,119,5991,1529.0028560476953,1.0
15456,30,1510,580.9791651579295,1.0
15451,70,3527,655.3107789270312,1.0
15451,44,2227,911.3998212108007,1.0
15451,27,1357,905.9432505840429,1.0
15449,53,2680,1357.434902678203,1.0
15449,12,619,1385.0689018103903,1.0
15447,241,12100,1614.32337126,1.0
15447,241,12070,900.4310270867968,1.0
15446,84,4239,1188.0464461574607,1.0
15446,81,4074,848.5845964727733,1.0
15446,81,4059,679.9044869732226,1.0
15446,13,685,885.8545014532812,1.0
15443,95,4772,1286.375369998867,1.0
15442,171,8598,1206.0578107552342,1.0
15442,171,8593,857.9735610678905,1.0
15442,32,1639,703.2893193291405,1.0
15439,38,1904,1194.7195087766795,1.0
15436,336,16802,520.0153419189843,1.0
15436,284,14235,531.1386524236522,1.0
15436,222,11120,421.5578982058593,1.0
15436,173,8694,1091.741877689824,1.0
15436,71,3557,687.3465835404686,1.0
15433,123,6192,370.4145999260937,1.0
15433,83,4196,843.0659440871093,1.0
15432,174,8725,440.1040578880859,1.0
15432,105,5273,741.2515327892968,1.0
15430,124,6239,720.0489878874217,1.0
15430,79,3977,655.6428799855076,1.0
15429,64,3201,823.6814537724218,1.0
15429,31,1599,367.4625794875976,1.0
15429,31,1555,555.1486413305859,1.0
15428,295,14765,1031.3728591240624,1.0
15428,228,11422,931.9415787122265,1.0
15428,189,9455,723.8072488814843,1.0
15427,160,8004,1189.7696987896484,1.0
15427,155,7795,1259.2061520115626,1.0
15427,91,4583,842.794142903789,1.0
15425,118,5928,910.5768744764453,1.0
15420,67,3371,997.2859414582421,1.0
15412,265,13284,996.3382161785546,1.0
15412,232,11636,634.9545718895703,1.0
15411,122,6131,642.847888568164,1.0
15411,92,4629,370.82418911349606,1.0
15403,208,10416,589.8611246655468,1.0
15403,168,8443,721.5784873897851,1.0
15403,168,8429,583.8141645010741,1.0
15403,168,8418,445.0197504755175,1.0
15403,117,5864,770.1072489754491,1.0
15403,58,2924,1443.8035538238282,1.0
15392,107,5394,753.916042001914,1.0
15392,0,18,902.7945288226464,1.0
15391,291,14567,1837.7168166489841,1.0
15391,280,14014,1165.532572615703,1.0
15389,103,5155,1023.9877438649218,1.0
15389,98,4933,345.78405017874996,1.0
15389,90,4546,545.1994079102343,1.0
15389,37,1880,541.5788153479687,1.0
15386,13,692,851.4183757368749,1.0
15383,184,9203,907.3368345014062,1.0
15383,18,946,498.7252328676562,1.0
15378,22,1139,1496.7162918648437,1.0
15378,16,835,708.8103495173826,1.0
15378,6,331,1257.940669856836,1.0
15377,44,2240,605.9624273137889,1.0
15377,34,1735,701.202329578789,1.0
15368,157,7894,1086.4925228809961,1.0
15360,108,5429,378.1290966407812,1.0
15353,71,3558,408.0892119777734,1.0
15348,211,10563,739.4452979762499,1.0
15348,145,7268,1092.0099414385154,1.0
15348,118,5944,452.99085315187494,1.0
15348,91,4552,724.1292739592187,1.0
15343,168,8423,793.1904695116991,1.0
15341,33,1696,740.6538967386717,1.0
15341,16,820,619.0667638496483,1.0
15339,125,6267,573.658201741992,1.0
15337,45,2268,1143.6165611459373,1.0
15336,28,1422,1295.9676600341404,1.0
15336,20,1014,752.0480011199413,1.0
15335,40,2020,368.8605292205078,1.0
15330,77,3874,892.236192436328,1.0
15324,30,1525,217.14755020720696,1.0
15324,30,1518,750.8245794562499,1.0
15322,32,1621,737.1933054381249,1.0
15322,8,442,366.4618342957226,1.0
15318,182,9146,944.3642538066405,1.0
15318,56,2829,420.32853628367184,1.0
15315,22,1124,500.23481980988277,1.0
15315,22,1105,725.8418587929491,1.0
15314,45,2283,829.1705246502343,1.0
15314,44,2208,566.0358134777733,1.0
15312,70,3544,1211.1306523285543,1.0
15308,67,3392,842.3633687567773,1.0
15308,53,2670,426.9655971149609,0.9194094437958708
15301,107,5356,723.9540036130859,1.0
15301,42,2106,328.83057754867184,1.0
15295,93,4674,803.2089881172265,1.0
15295,80,4041,350.2063228746191,1.0
15295,47,2397,1368.7003359299997,1.0
15286,233,11686,407.32967353785153,1.0
15286,229,11486,776.6883733358202,1.0
15286,22,1115,619.0352300037108,1.0
15282,113,5669,932.6037416847655,1.0
15282,113,5653,942.7789169572656,1.0
15282,39,1959,1475.2175181410544,1.0
15279,146,7310,238.21181272435538,1.0
15279,127,6389,521.5078126299803,1.0
15279,113,5688,444.15701374960935,1.0
15274,47,2387,827.5808476428124,1.0
15273,80,4019,1326.3202503361913,1.0
15273,20,1038,785.2580699311327,1.0
15271,37,1864,703.503480848789,1.0
15271,23,1199,455.6144172180859,1.0
15267,44,2202,1416.1576929638281,1.0
15267,5,281,743.3459066985937,1.0
15262,33,1664,866.0980587623046,1.0
15249,58,2903,753.7989652012109,1.0
15249,17,898,928.3056555036718,1.0
15243,16,848,618.1870097840234,1.0
15242,121,6070,439.04107671562497,1.0
15242,110,5549,367.3606200437304,1.0
15242,32,1640,493.93449980193355,1.0
15238,135,6756,860.0860731867675,1.0
15238,41,2072,409.6773856787109,1.0
15238,18,910,1191.0139280041403,1.0
15234,51,2593,1072.77948869582,1.0
15234,51,2554,853.31013909541,1.0
15228,44,2231,1093.4076609970311,1.0
15222,201,10093,1202.0492658512303,1.0
15222,57,2871,692.2076267946288,1.0
15182,86,4319,666.681309000117,1.0
15182,15,763,820.2584486741015,1.0
15182,2,136,487.28679345355465,1.0
15179,144,7206,779.3234395636132,1.0
15174,81,4077,798.9001924517577,1.0
15166,86,4317,587.5184321115233,1.0
15161,238,11945,2010.5951578648437,1.0
15161,130,6525,609.9537095736326,1.0
15161,114,5724,694.6389732162498,1.0
15161,80,4025,706.3531411238671,1.0
15160,110,5521,683.3991675330858,1.0
15160,19,992,865.2568349527734,1.0
15153,57,2852,1457.8563379458592,1.0
15152,74,3703,363.17631131279296,1.0
15152,28,1411,311.715794561289,1.0
15151,230,11520,684.4082904839843,1.0
15147,172,8642,725.8545288131639,1.0
15146,99,4955,683.4981773613671,1.0
15145,314,15732,620.141200005039,1.0
15136,69,3452,487.91133961267576,1.0
15136,59,2964,613.5686489453515,1.0
15136,32,1612,968.6789679496093,1.0
15135,29,1492,1111.902540914355,1.0
15133,8,423,1184.7087509562107,1.0
15133,6,332,1544.5842358449022,1.0
15133,6,315,409.98158425605465,1.0
15128,204,10247,408.73990025636715,1.0
15124,52,2630,427.25077711499995,1.0
15124,35,1791,807.4629447898436,1.0
15118,145,7276,618.0033545764843,1.0
15118,44,2225,1104.2614060738279,1.0
15118,21,1073,951.7798029284374,1.0
15117,62,3132,573.8195700474413,1.0
15117,16,817,477.1237394671875,1.0
15116,6,302,987.9542986864452,1.0
15114,166,8341,860.734258436992,1.0
15114,166,8320,495.5644541041796,1.0
15114,80,4032,1450.7015418027345,1.0
15113,73,3699,667.4652071955468,1.0
15113,68,3432,260.1799687496093,1.0
15106,151,7585,615.7535728622655,1.0
15103,126,6302,593.7645402192187,1.0
15103,53,2699,519.299605925078,1.0
15101,77,3892,1060.0010144025,1.0
15099,109,5486,1087.0146176416015,1.0
15099,32,1636,1438.5738299273826,1.0
15098,18,943,1139.7037367902344,1.0
15098,18,930,1032.7787591680662,1.0
15097,170,8527,849.8574275096873,1.0
15097,60,3047,1062.6425599859372,1.0
15097,48,2421,944.6054598458006,1.0
15097,48,2409,357.020983945039,1.0
15090,7,368,685.7045547494921,1.0
15090,7,356,1202.5198522111327,1.0
15090,0,12,1562.8599958468749,0.6744068678008961
15086,79,3956,1153.2826970358983,1.0
15053,130,6521,1213.2272209828907,1.0
15053,120,6032,1073.6349555251754,1.0
15053,53,2671,1282.4283778267186,1.0
15053,36,1821,1448.4139910559766,1.0
15053,36,1803,602.3170066072265,1.0
15013,172,8617,1701.33910685125,1.0
15013,75,3760,870.511829005078,1.0
14991,111,5565,689.9605155290624,1.0
14990,275,13795,1138.3674804527927,1.0
14981,208,10422,1222.440787540078,1.0
14975,155,7794,676.0477285696678,1.0
14975,71,3597,327.6221482345117,1.0
14971,125,6268,834.4987336832811,1.0
14971,76,3804,753.7952175269921,1.0
14971,43,2200,955.0700160605859,1.0
14965,153,7691,351.637955168164,1.0
14965,28,1415,705.4652421591796,1.0
14959,232,11614,1325.6197733312888,1.0
14959,108,5428,1036.0280558971676,1.0
14959,25,1262,590.2378511816015,1.0
14959,2,144,696.1335817224609,1.0
14956,217,10858,521.3723679151561,1.0
14948,88,4447,1039.8054487315621,1.0
14948,88,4419,770.9280382894531,1.0
14942,94,4713,647.0211890643749,1.0
14940,133,6690,1402.1753311271677,1.0
14936,19,998,1150.0013885341014,1.0
14926,42,2138,459.6131960282812,1.0
14926,20,1029,1012.0553556553905,1.0
14925,191,9581,604.9777712619531,1.0
14925,167,8391,672.9960045133984,1.0
14924,203,10170,740.7160021205077,1.0
14924,182,9106,821.2445394944725,1.0
14923,38,1925,1670.3850575965234,1.0
14923,2,143,928.9462735558983,1.0
14913,183,9168,632.8547369373631,1.0
14913,33,1660,1286.3316842818554,1.0
14911,91,4600,983.4127973559374,1.0
14904,46,2303,1009.4091494861132,1.0
14903,310,15520,783.3419050508984,1.0
14903,259,12975,1035.1687927867188,1.0
14903,259,12972,470.16105810285154,1.0
14903,259,12953,646.8554930583592,1.0
14903,250,12536,963.7396386557812,1.0
14903,197,9881,962.5885230977343,1.0
14903,122,6138,688.5146156685936,1.0
14903,58,2930,978.179136853828,1.0
14902,195,9780,1464.4839398051172,1.0
14899,160,8020,472.2661648947851,1.0
14891,197,9891,521.7311770766405,1.0
14891,128,6421,982.4529313478514,1.0
14890,40,2016,332.0870188191894,1.0
14884,75,3789,324.4794811126953,1.0
14884,75,3787,475.9170056258203,1.0
14884,75,3771,1077.5650904682811,1.0
14881,50,2545,697.3224483003514,1.0
14880,123,6172,1411.5749219643944,1.0
14874,195,9770,365.58741442324214,1.0
14874,83,4198,1441.576270495625,1.0
14874,83,4173,1482.145282127793,1.0
14874,12,611,584.1121325392968,1.0
14874,6,310,675.2829294774218,1.0
14874,0,12,314.2415007354883,1.0
14873,188,9401,797.1459680616405,1.0
14873,98,4933,693.6303260531249,1.0
14873,67,3370,620.1898618464062,1.0
14873,59,2977,1177.1629246423045,1.0
14873,55,2796,546.1701867105468,1.0
14872,13,681,634.874870483789,1.0
14872,8,431,1657.9755366715622,1.0
14872,1,88,804.3250041804296,1.0
14824,242,12141,652.6848593994921,1.0
14824,6,345,389.57965012054683,1.0
14824,6,313,709.4879826874218,1.0
14816,316,15832,511.7510392248437,1.0
14816,245,12277,961.4688942792186,1.0
14816,205,10281,204.89886504431635,1.0
14814,26,1313,567.4976718558593,1.0
14807,273,13659,631.343274627871,1.0
14807,118,5902,464.32685657123045,1.0
14806,294,14709,382.09980946142576,1.0
14806,293,14681,890.3205164685936,1.0
14806,101,5093,744.2817157053905,1.0
14806,79,3974,1712.8659415490038,1.0
14806,30,1525,1025.54494588541,1.0
14802,298,14903,1065.507905778496,1.0
14802,259,12953,1418.4635108534376,1.0
14802,3,165,1379.8702636574217,1.0
14798,39,1954,462.45718412917967,1.0
14798,34,1701,672.1287236454101,1.0
14798,9,453,1030.2760509353907,1.0
14797,21,1078,1081.341220178867,1.0
14797,7,400,788.1731444740624,1.0
14796,104,5221,394.60895981144523,1.0
14793,100,5035,927.3975461612499,1.0
14793,93,4677,528.692016869453,1.0
14793,59,2988,730.1591096448046,1.0
14793,13,651,838.9620723184569,1.0
14793,11,554,415.30730049304685,1.0
14789,114,5749,872.4996675711913,1.0
14789,101,5057,676.9921446091796,1.0
14789,86,4320,1102.9194650446093,1.0
14779,127,6400,1033.5488442429687,1.0
14774,307,15367,1371.1321619078512,1.0
14774,296,14850,717.2240093483983,1.0
14774,258,12939,877.799175354453,1.0
14772,255,12784,956.3797071961718,1.0
14772,242,12114,814.8665715533983,1.0
14771,290,14504,738.7623607779101,1.0
14771,151,7554,417.29832255070306,1.0
14771,35,1799,1079.157898686953,1.0
14771,16,815,372.24429955085935,1.0
14770,2,106,1154.3294461272267,1.0
14768,96,4847,685.9148282453515,1.0
14764,118,5928,629.8279592505859,1.0
14764,96,4841,219.21063376244135,1.0
14764,71,3596,763.1466097343749,1.0
14764,69,3458,387.7699920092968,1.0
14764,17,892,1123.898635204082,1.0
14758,48,2445,319.8955348858007,1.0
14756,84,4223,304.1989194386718,1.0
14751,45,2266,1264.3906193529883,1.0
14746,245,12294,705.2378262191405,1.0
14746,61,3095,302.0100817816796,1.0
14742,13,695,674.8150267163866,1.0
14737,17,887,1511.5201033141211,1.0
14734,54,2719,486.26777182082026,1.0
14726,138,6941,574.7259500733886,1.0
14726,1,64,931.3352672211718,1.0
14725,158,7917,921.9843894126952,1.0
14716,99,4968,501.5813412175,1.0
14715,54,2724,419.17277999148433,1.0
14715,53,2683,700.3412208726171,1.0
14715,29,1499,1376.3469152706248,1.0
14713,0,6,660.9424273466406,1.0
14712,36,1849,446.76005635273435,1.0
14707,42,2128,1542.4249836998438,1.0
14707,20,1014,984.0913242602928,1.0
14707,14,746,846.671721570117,1.0
14686,36,1848,829.3867196259374,1.0
14673,26,1307,706.2767844965233,1.0
14669,17,868,1363.765374215703,1.0
14667,72,3643,708.5083094688281,1.0
14667,72,3606,753.1400962128124,1.0
14667,24,1240,351.1026427076952,1.0
14664,255,12752,1299.8665136929294,1.0
14664,226,11333,799.3416919771875,1.0
14644,201,10089,553.6714158509374,1.0
14644,25,1283,1154.3614601357813,1.0
14641,135,6776,358.0148915958984,0.8515835338688842
14641,25,1263,804.4282167199023,1.0
14641,25,1260,1115.1079905917381,1.0
14639,28,1450,1178.5989134789843,1.0
14637,112,5616,1203.5276843130955,1.0
14637,85,4290,461.9232384125781,1.0
14637,42,2150,1511.411368673008,1.0
14636,68,3437,643.1253914580858,1.0
14631,184,9243,790.730534666914,1.0
14631,79,3958,561.8774589329881,1.0
14626,84,4248,1085.5651671749215,1.0
14623,284,14206,655.9882373634374,1.0
14623,155,7788,1150.2592114096092,1.0
14621,70,3504,352.5806305932812,1.0
14619,52,2650,508.0488887895312,1.0
14617,73,3684,364.33052886117184,1.0
14615,38,1941,876.7625435420507,1.0
14615,33,1695,906.7349447231054,1.0
14610,201,10097,935.3527889719041,1.0
14610,167,8397,561.920190887539,1.0
14610,88,4401,839.3247583416014,1.0
14607,81,4059,1380.1948439113867,1.0
14603,185,9282,231.04802346775384,1.0
14597,44,2250,525.019651208789,1.0
14592,41,2085,625.1884460158983,1.0
14590,131,6583,865.1576148933983,1.0
14587,105,5270,1769.404700891836,1.0
14587,66,3303,502.06827230039056,1.0
14586,39,1955,1068.2661114817188,1.0
14586,19,997,1064.983153737734,1.0
14584,183,9186,773.7889851220409,1.0
14583,44,2238,606.5043302880468,1.0
14559,145,7263,1201.0384845709764,1.0
14558,207,10352,698.2075009762499,1.0
14558,201,10098,268.55232323810543,1.0
14553,223,11191,540.1739486108203,1.0
14552,134,6726,916.4749278786327,1.0
14551,147,7361,1132.8257430151561,1.0
14551,17,856,871.1351252305858,1.0
14551,6,304,749.3799685359375,1.0
14550,180,9050,573.2252525946288,1.0
14544,253,12662,876.9814270427343,1.0
14544,245,12289,781.8935730763476,1.0
14544,217,10879,1028.2637378173044,1.0
14544,79,3966,557.1270155596288,1.0
14544,79,3952,1108.403538226914,1.0
14543,163,8154,766.1091544036718,1.0
14541,156,7823,578.1568701795312,1.0
14539,56,2808,759.5910681502343,1.0
14538,19,990,474.85779656675777,1.0
14538,0,19,708.2872067924608,1.0
14537,123,6176,1051.6869354623827,1.0
14535,103,5193,741.9648614372655,1.0
14516,20,1016,718.4645740624999,1.0
14516,10,537,371.2191133673437,1.0
14512,32,1601,1290.4143385893553,1.0
14512,25,1272,507.42878970574213,1.0
14512,25,1255,1444.3746659449998,1.0
14478,19,960,655.3659257942968,1.0
14478,13,688,757.3431505327343,1.0
14478,13,662,493.3363495507812,1.0
14469,66,3329,1685.9835890548634,1.0
14468,63,3179,1542.0851700174217,1.0
14467,110,5515,1056.1302772273825,1.0
14467,104,5243,393.57860418335935,1.0
14467,80,4030,1408.626260052109,1.0
14467,77,3881,1277.9432026198047,1.0
14463,129,6466,637.5471800574803,1.0
14459,85,4272,1306.6739996741403,1.0
14459,20,1022,1277.564936355664,1.0
14445,143,7168,1168.505404790742,1.0
14445,139,6965,899.7130492402342,1.0
14445,133,6689,944.8251372491405,1.0
14436,134,6711,339.42753267150385,1.0
14436,134,6708,1277.4745479337498,1.0
14436,78,3932,342.21926547742186,1.0
14432,43,2197,1404.7385973678124,1.0
14431,113,5671,939.4130494132226,1.0
14431,43,2192,786.8018152423045,1.0
14427,280,14037,269.1566514819531,1.0
14427,103,5166,991.6618830876562,1.0
14427,56,2846,1338.4239965095312,1.0
14427,16,843,1403.6959471181249,1.0
14417,18,928,689.5847449123436,1.0
14417,4,208,441.14134981945307,1.0
14411,45,2275,1170.1229799033981,1.0
14410,231,11557,398.32401706523433,1.0
14410,73,3687,1311.7133821199218,1.0
14410,65,3263,607.2933420235155,1.0
14409,185,9266,920.4294230942187,1.0
14409,172,8618,635.2725892218945,1.0
14409,148,7403,842.4684418853124,1.0
14409,141,7065,720.3690684390233,1.0
14409,33,1673,387.0824439196093,1.0
14403,34,1727,834.919438220703,1.0
14401,234,11725,744.0089083192968,1.0
14399,98,4947,463.1847006073437,1.0
14393,12,639,625.5356414484374,1.0
14393,12,636,956.9408444476561,1.0
14393,7,381,585.7909639537498,1.0
14392,222,11123,906.6629574062499,1.0
14392,200,10019,722.8616786050585,1.2528291330563839
14392,177,8898,1650.967985847949,1.0
14392,177,8861,620.1863480590038,1.0
14392,109,5457,1678.964048035547,1.0
14392,98,4946,757.7718090378319,1.0
14392,7,371,495.9280279590039,1.0
14384,1,61,513.6267686482421,1.0
14384,1,52,1547.1797820281054,1.0
14379,29,1499,537.0910523414647,1.0
14377,223,11160,290.0011196858984,1.0
14377,166,8303,739.1092911064452,1.0
14377,41,2087,1329.9331044290625,1.0
14376,257,12856,777.8688466208984,1.0
14376,251,12566,477.2144962089062,1.0
14376,105,5264,346.3784914186328,1.0
14376,95,4752,725.4274122289452,1.0
14375,213,10669,874.8102136089843,1.0
14375,206,10308,595.7427711359081,1.0
14375,3,154,640.6235475206054,1.0
14372,273,13665,550.0513760683202,1.0
14372,163,8196,774.5530992983203,1.0
14372,163,8154,270.2652114933984,1.0
14372,28,1449,435.61711004787105,1.0
14368,230,11535,337.5527235715429,1.0
14363,272,13639,292.7353070896484,1.0
14363,29,1491,370.99491364869135,1.0
14358,114,5742,589.3622499385154,1.0
14358,18,919,792.0048278957421,1.0
14343,127,6398,1488.8697377470703,1.0
14343,127,6388,956.6598392082811,1.0
14343,110,5525,1271.797586448086,1.0
14342,276,13808,1147.3659414075778,1.0
14342,128,6416,695.4232639978319,1.0
14342,7,363,800.3012941584178,1.0
14336,108,5426,823.2143047122264,1.0
14336,89,4477,750.188489882871,1.0
14336,2,110,706.2539817823632,1.0
14335,276,13847,929.3047777602538,1.0
14335,230,11537,758.1434271280273,1.0
14335,223,11175,748.930119150703,1.0
14335,223,11166,714.3721582572656,1.0
14335,59,2963,679.6427874119921,1.0
14329,98,4930,558.6244970465624,1.0
14308,5,277,621.8608833569725,1.0
14293,73,3676,698.9320146658984,1.0
14292,2,101,502.41807531218745,1.0
14280,63,3156,558.6332872035936,1.0
14280,46,2339,626.6690137858983,1.0
14280,42,2148,580.2800986374999,1.0
14280,42,2141,551.8976446239452,1.0
14280,42,2101,693.9416841641015,1.0
14280,7,385,784.10101498916,1.0
14280,0,47,525.0578484124999,1.0
14279,264,13223,583.5903153329297,1.0
14275,128,6421,1213.4628111427342,1.0
14275,40,2028,1009.3547603951366,1.0
14275,21,1080,370.3496452785351,1.0
14271,144,7217,747.1823013371093,1.0
14269,200,10036,298.1364570169042,1.0
14268,61,3074,1010.371554601289,1.0
14263,270,13537,916.1936045516601,1.0
14256,29,1456,737.7987567460937,1.0
14256,23,1155,903.4077480320311,1.0
14256,5,292,538.4086444521483,1.0
14244,52,2644,1611.584017748125,1.0
14244,38,1925,942.14148542541,1.0
14244,28,1448,686.5607508327538,1.0
14243,65,3264,793.1435026695898,1.0
14239,42,2113,443.4904745842968,1.0
14239,31,1579,727.6992157740624,1.0
14235,75,3789,1293.9461646648829,1.0
14228,67,3351,1523.1508908642577,1.0
14228,20,1010,766.9324512028319,1.0
14225,47,2400,212.81798639339834,1.0
14225,41,2068,1211.66322797875,1.0
14225,38,1946,1922.6440457724607,1.0
14222,61,3054,864.2675130661327,1.0
14222,9,457,409.4344142705468,1.0
14219,28,1421,682.936192998828,1.0
14218,148,7447,1142.4390752836325,1.0
14218,148,7441,353.3223623155859,1.0
14213,10,517,950.4690168265624,1.0
14212,147,7385,691.9074505548436,1.0
14212,0,23,658.3337141376367,1.0
14206,11,567,831.3104574694139,1.0
14195,219,10986,1257.8250644058594,1.0
14195,152,7601,270.5701342857812,1.0
14195,139,6965,814.0156606108789,1.0
14195,80,4014,764.3385105538475,1.0
14191,208,10405,1130.629906811289,1.0
14191,202,10147,638.0758375914843,1.0
14187,137,6851,253.24829772630852,1.0
14172,38,1933,1276.9930748546485,1.0
14172,30,1522,605.0475924483984,1.0
14162,6,345,1181.4319722512696,1.0
14162,6,304,737.2231588727343,1.0
14161,36,1811,374.0096720470312,1.0
14159,115,5758,789.8373577430858,1.0
14153,0,30,548.6245832751171,1.0
14152,112,5643,874.2856209835155,1.0
14151,110,5517,1016.1708426773437,1.0
14151,72,3601,1555.3123402403903,1.0
14150,22,1120,1113.1727146893359,1.0
14150,20,1041,470.0758733667578,1.0
14149,104,5218,528.466368567578,1.0
14149,80,4027,227.32436391833977,1.0
14149,80,4001,1766.9753606852637,1.0
14148,36,1833,1397.709526625547,1.0
14143,143,7160,593.050294147578,1.0
14139,156,7803,748.7378298232421,1.0
14134,215,10795,1646.7167070314845,1.0
14134,120,6027,742.5419041441796,1.0
14129,29,1482,706.9785041002343,1.0
14129,19,988,970.9594619836522,1.0
14123,137,6861,742.1914892049608,1.0
14122,33,1669,356.25417420681634,1.0
14103,121,6080,550.9999554680468,1.0
14090,28,1412,479.6448815888867,1.0
14090,7,373,1074.8306504516404,1.0
